exp_id,course_name,label,avg_accuracy_predict,predict_type,student_id,past_pupil,pre_test,isc
1,star,1.0,1.0,label,0,0.5-0.44-0.4-0.69-0.53-0.55-0.63,0.545454545454545,0.458772438556649
1,star,1.0,1.0,type_1_only_course,0,0.5-0.44-0.4-0.69-0.53-0.55-0.63,0.545454545454545,0.458772438556649
1,star,1.0,0.6666666666666666,type_2_course_confidence,0,0.5-0.44-0.4-0.69-0.53-0.55-0.63,0.545454545454545,0.458772438556649
1,star,1.0,0.6666666666666666,type_3_course_confidence_pretest,0,0.5-0.44-0.4-0.69-0.53-0.55-0.63,0.545454545454545,0.458772438556649
1,star,1.0,0.8,type_1_total_only_course,0,0.5-0.44-0.4-0.69-0.53-0.55-0.63,0.545454545454545,0.458772438556649
1,star,1.0,0.75,type_2_total_course_confidence,0,0.5-0.44-0.4-0.69-0.53-0.55-0.63,0.545454545454545,0.458772438556649
1,star,1.0,0.75,type_3_total_course_confidence_pretest,0,0.5-0.44-0.4-0.69-0.53-0.55-0.63,0.545454545454545,0.458772438556649
1,star,1.0,0.5,type_2_ind_course_confidence,0,0.5-0.44-0.4-0.69-0.53-0.55-0.63,0.545454545454545,0.458772438556649
1,star,1.0,0.5833333333333334,type_3_ind_course_confidence_pretest,0,0.5-0.44-0.4-0.69-0.53-0.55-0.63,0.545454545454545,0.458772438556649
1,star,1.0,0.5833333333333334,type_4_ind_course_confidence_pretest_isc,0,0.5-0.44-0.4-0.69-0.53-0.55-0.63,0.545454545454545,0.458772438556649
1,star,0.666666666666667,0.666666666666667,label,1,0.35-0.32-0.37-0.65-0.53-0.55-0.53,0.636363636363636,0.370198559038665
1,star,0.666666666666667,1.0,type_1_only_course,1,0.35-0.32-0.37-0.65-0.53-0.55-0.53,0.636363636363636,0.370198559038665
1,star,0.666666666666667,0.9166666666666666,type_2_course_confidence,1,0.35-0.32-0.37-0.65-0.53-0.55-0.53,0.636363636363636,0.370198559038665
1,star,0.666666666666667,0.75,type_3_course_confidence_pretest,1,0.35-0.32-0.37-0.65-0.53-0.55-0.53,0.636363636363636,0.370198559038665
1,star,0.666666666666667,0.8,type_1_total_only_course,1,0.35-0.32-0.37-0.65-0.53-0.55-0.53,0.636363636363636,0.370198559038665
1,star,0.666666666666667,0.75,type_2_total_course_confidence,1,0.35-0.32-0.37-0.65-0.53-0.55-0.53,0.636363636363636,0.370198559038665
1,star,0.666666666666667,0.75,type_3_total_course_confidence_pretest,1,0.35-0.32-0.37-0.65-0.53-0.55-0.53,0.636363636363636,0.370198559038665
1,star,0.666666666666667,0.5,type_2_ind_course_confidence,1,0.35-0.32-0.37-0.65-0.53-0.55-0.53,0.636363636363636,0.370198559038665
1,star,0.666666666666667,0.75,type_3_ind_course_confidence_pretest,1,0.35-0.32-0.37-0.65-0.53-0.55-0.53,0.636363636363636,0.370198559038665
1,star,0.666666666666667,0.5833333333333334,type_4_ind_course_confidence_pretest_isc,1,0.35-0.32-0.37-0.65-0.53-0.55-0.53,0.636363636363636,0.370198559038665
1,star,0.666666666666667,0.666666666666667,label,2,0.66-0.46-0.5-0.78-0.54-0.59-0.6,0.7272727272727271,0.405210274642252
1,star,0.666666666666667,1.0,type_1_only_course,2,0.66-0.46-0.5-0.78-0.54-0.59-0.6,0.7272727272727271,0.405210274642252
1,star,0.666666666666667,0.6666666666666666,type_2_course_confidence,2,0.66-0.46-0.5-0.78-0.54-0.59-0.6,0.7272727272727271,0.405210274642252
1,star,0.666666666666667,0.75,type_3_course_confidence_pretest,2,0.66-0.46-0.5-0.78-0.54-0.59-0.6,0.7272727272727271,0.405210274642252
1,star,0.666666666666667,0.8,type_1_total_only_course,2,0.66-0.46-0.5-0.78-0.54-0.59-0.6,0.7272727272727271,0.405210274642252
1,star,0.666666666666667,0.75,type_2_total_course_confidence,2,0.66-0.46-0.5-0.78-0.54-0.59-0.6,0.7272727272727271,0.405210274642252
1,star,0.666666666666667,0.75,type_3_total_course_confidence_pretest,2,0.66-0.46-0.5-0.78-0.54-0.59-0.6,0.7272727272727271,0.405210274642252
1,star,0.666666666666667,0.6666666666666666,type_2_ind_course_confidence,2,0.66-0.46-0.5-0.78-0.54-0.59-0.6,0.7272727272727271,0.405210274642252
1,star,0.666666666666667,0.75,type_3_ind_course_confidence_pretest,2,0.66-0.46-0.5-0.78-0.54-0.59-0.6,0.7272727272727271,0.405210274642252
1,star,0.666666666666667,0.8333333333333334,type_4_ind_course_confidence_pretest_isc,2,0.66-0.46-0.5-0.78-0.54-0.59-0.6,0.7272727272727271,0.405210274642252
1,star,0.916666666666667,0.916666666666667,label,3,0.4-0.34-0.28-0.56-0.42-0.36-0.46,0.818181818181818,0.388898972136867
1,star,0.916666666666667,1.0,type_1_only_course,3,0.4-0.34-0.28-0.56-0.42-0.36-0.46,0.818181818181818,0.388898972136867
1,star,0.916666666666667,0.9166666666666666,type_2_course_confidence,3,0.4-0.34-0.28-0.56-0.42-0.36-0.46,0.818181818181818,0.388898972136867
1,star,0.916666666666667,0.75,type_3_course_confidence_pretest,3,0.4-0.34-0.28-0.56-0.42-0.36-0.46,0.818181818181818,0.388898972136867
1,star,0.916666666666667,0.8,type_1_total_only_course,3,0.4-0.34-0.28-0.56-0.42-0.36-0.46,0.818181818181818,0.388898972136867
1,star,0.916666666666667,0.75,type_2_total_course_confidence,3,0.4-0.34-0.28-0.56-0.42-0.36-0.46,0.818181818181818,0.388898972136867
1,star,0.916666666666667,0.75,type_3_total_course_confidence_pretest,3,0.4-0.34-0.28-0.56-0.42-0.36-0.46,0.818181818181818,0.388898972136867
1,star,0.916666666666667,0.4166666666666667,type_2_ind_course_confidence,3,0.4-0.34-0.28-0.56-0.42-0.36-0.46,0.818181818181818,0.388898972136867
1,star,0.916666666666667,0.6666666666666666,type_3_ind_course_confidence_pretest,3,0.4-0.34-0.28-0.56-0.42-0.36-0.46,0.818181818181818,0.388898972136867
1,star,0.916666666666667,0.3333333333333333,type_4_ind_course_confidence_pretest_isc,3,0.4-0.34-0.28-0.56-0.42-0.36-0.46,0.818181818181818,0.388898972136867
1,star,0.833333333333333,0.833333333333333,label,4,0.51-0.42-0.47-0.74-0.55-0.59-0.7,0.272727272727273,0.455509586784963
1,star,0.833333333333333,1.0,type_1_only_course,4,0.51-0.42-0.47-0.74-0.55-0.59-0.7,0.272727272727273,0.455509586784963
1,star,0.833333333333333,0.75,type_2_course_confidence,4,0.51-0.42-0.47-0.74-0.55-0.59-0.7,0.272727272727273,0.455509586784963
1,star,0.833333333333333,0.6666666666666666,type_3_course_confidence_pretest,4,0.51-0.42-0.47-0.74-0.55-0.59-0.7,0.272727272727273,0.455509586784963
1,star,0.833333333333333,0.8,type_1_total_only_course,4,0.51-0.42-0.47-0.74-0.55-0.59-0.7,0.272727272727273,0.455509586784963
1,star,0.833333333333333,0.85,type_2_total_course_confidence,4,0.51-0.42-0.47-0.74-0.55-0.59-0.7,0.272727272727273,0.455509586784963
1,star,0.833333333333333,0.65,type_3_total_course_confidence_pretest,4,0.51-0.42-0.47-0.74-0.55-0.59-0.7,0.272727272727273,0.455509586784963
1,star,0.833333333333333,0.5833333333333334,type_2_ind_course_confidence,4,0.51-0.42-0.47-0.74-0.55-0.59-0.7,0.272727272727273,0.455509586784963
1,star,0.833333333333333,0.08333333333333333,type_3_ind_course_confidence_pretest,4,0.51-0.42-0.47-0.74-0.55-0.59-0.7,0.272727272727273,0.455509586784963
1,star,0.833333333333333,0.16666666666666666,type_4_ind_course_confidence_pretest_isc,4,0.51-0.42-0.47-0.74-0.55-0.59-0.7,0.272727272727273,0.455509586784963
1,star,0.916666666666667,0.916666666666667,label,5,0.4-0.35-0.42-0.68-0.57-0.62-0.71,0.818181818181818,0.441339459263674
1,star,0.916666666666667,1.0,type_1_only_course,5,0.4-0.35-0.42-0.68-0.57-0.62-0.71,0.818181818181818,0.441339459263674
1,star,0.916666666666667,0.6666666666666666,type_2_course_confidence,5,0.4-0.35-0.42-0.68-0.57-0.62-0.71,0.818181818181818,0.441339459263674
1,star,0.916666666666667,1.0,type_3_course_confidence_pretest,5,0.4-0.35-0.42-0.68-0.57-0.62-0.71,0.818181818181818,0.441339459263674
1,star,0.916666666666667,0.8,type_1_total_only_course,5,0.4-0.35-0.42-0.68-0.57-0.62-0.71,0.818181818181818,0.441339459263674
1,star,0.916666666666667,0.8,type_2_total_course_confidence,5,0.4-0.35-0.42-0.68-0.57-0.62-0.71,0.818181818181818,0.441339459263674
1,star,0.916666666666667,0.75,type_3_total_course_confidence_pretest,5,0.4-0.35-0.42-0.68-0.57-0.62-0.71,0.818181818181818,0.441339459263674
1,star,0.916666666666667,0.5833333333333334,type_2_ind_course_confidence,5,0.4-0.35-0.42-0.68-0.57-0.62-0.71,0.818181818181818,0.441339459263674
1,star,0.916666666666667,0.75,type_3_ind_course_confidence_pretest,5,0.4-0.35-0.42-0.68-0.57-0.62-0.71,0.818181818181818,0.441339459263674
1,star,0.916666666666667,0.8333333333333334,type_4_ind_course_confidence_pretest_isc,5,0.4-0.35-0.42-0.68-0.57-0.62-0.71,0.818181818181818,0.441339459263674
1,star,0.75,0.75,label,6,0.31-0.3-0.28-0.44-0.33-0.41-0.45,0.636363636363636,0.430961558278931
1,star,0.75,1.0,type_1_only_course,6,0.31-0.3-0.28-0.44-0.33-0.41-0.45,0.636363636363636,0.430961558278931
1,star,0.75,0.9166666666666666,type_2_course_confidence,6,0.31-0.3-0.28-0.44-0.33-0.41-0.45,0.636363636363636,0.430961558278931
1,star,0.75,0.6666666666666666,type_3_course_confidence_pretest,6,0.31-0.3-0.28-0.44-0.33-0.41-0.45,0.636363636363636,0.430961558278931
1,star,0.75,0.8,type_1_total_only_course,6,0.31-0.3-0.28-0.44-0.33-0.41-0.45,0.636363636363636,0.430961558278931
1,star,0.75,0.75,type_2_total_course_confidence,6,0.31-0.3-0.28-0.44-0.33-0.41-0.45,0.636363636363636,0.430961558278931
1,star,0.75,0.75,type_3_total_course_confidence_pretest,6,0.31-0.3-0.28-0.44-0.33-0.41-0.45,0.636363636363636,0.430961558278931
1,star,0.75,0.3333333333333333,type_2_ind_course_confidence,6,0.31-0.3-0.28-0.44-0.33-0.41-0.45,0.636363636363636,0.430961558278931
1,star,0.75,0.16666666666666666,type_3_ind_course_confidence_pretest,6,0.31-0.3-0.28-0.44-0.33-0.41-0.45,0.636363636363636,0.430961558278931
1,star,0.75,0.4166666666666667,type_4_ind_course_confidence_pretest_isc,6,0.31-0.3-0.28-0.44-0.33-0.41-0.45,0.636363636363636,0.430961558278931
1,star,0.666666666666667,0.666666666666667,label,7,0.46-0.38-0.45-0.61-0.51-0.58-0.59,0.0,0.457079355225949
1,star,0.666666666666667,1.0,type_1_only_course,7,0.46-0.38-0.45-0.61-0.51-0.58-0.59,0.0,0.457079355225949
1,star,0.666666666666667,0.75,type_2_course_confidence,7,0.46-0.38-0.45-0.61-0.51-0.58-0.59,0.0,0.457079355225949
1,star,0.666666666666667,1.0,type_3_course_confidence_pretest,7,0.46-0.38-0.45-0.61-0.51-0.58-0.59,0.0,0.457079355225949
1,star,0.666666666666667,0.8,type_1_total_only_course,7,0.46-0.38-0.45-0.61-0.51-0.58-0.59,0.0,0.457079355225949
1,star,0.666666666666667,0.85,type_2_total_course_confidence,7,0.46-0.38-0.45-0.61-0.51-0.58-0.59,0.0,0.457079355225949
1,star,0.666666666666667,0.75,type_3_total_course_confidence_pretest,7,0.46-0.38-0.45-0.61-0.51-0.58-0.59,0.0,0.457079355225949
1,star,0.666666666666667,0.5833333333333334,type_2_ind_course_confidence,7,0.46-0.38-0.45-0.61-0.51-0.58-0.59,0.0,0.457079355225949
1,star,0.666666666666667,0.08333333333333333,type_3_ind_course_confidence_pretest,7,0.46-0.38-0.45-0.61-0.51-0.58-0.59,0.0,0.457079355225949
1,star,0.666666666666667,0.25,type_4_ind_course_confidence_pretest_isc,7,0.46-0.38-0.45-0.61-0.51-0.58-0.59,0.0,0.457079355225949
1,star,0.583333333333333,0.583333333333333,label,8,0.51-0.43-0.43-0.59-0.58-0.67-0.62,0.545454545454545,0.402645040634108
1,star,0.583333333333333,1.0,type_1_only_course,8,0.51-0.43-0.43-0.59-0.58-0.67-0.62,0.545454545454545,0.402645040634108
1,star,0.583333333333333,0.9166666666666666,type_2_course_confidence,8,0.51-0.43-0.43-0.59-0.58-0.67-0.62,0.545454545454545,0.402645040634108
1,star,0.583333333333333,0.75,type_3_course_confidence_pretest,8,0.51-0.43-0.43-0.59-0.58-0.67-0.62,0.545454545454545,0.402645040634108
1,star,0.583333333333333,0.8,type_1_total_only_course,8,0.51-0.43-0.43-0.59-0.58-0.67-0.62,0.545454545454545,0.402645040634108
1,star,0.583333333333333,0.75,type_2_total_course_confidence,8,0.51-0.43-0.43-0.59-0.58-0.67-0.62,0.545454545454545,0.402645040634108
1,star,0.583333333333333,0.75,type_3_total_course_confidence_pretest,8,0.51-0.43-0.43-0.59-0.58-0.67-0.62,0.545454545454545,0.402645040634108
1,star,0.583333333333333,0.5833333333333334,type_2_ind_course_confidence,8,0.51-0.43-0.43-0.59-0.58-0.67-0.62,0.545454545454545,0.402645040634108
1,star,0.583333333333333,0.4166666666666667,type_3_ind_course_confidence_pretest,8,0.51-0.43-0.43-0.59-0.58-0.67-0.62,0.545454545454545,0.402645040634108
1,star,0.583333333333333,0.5833333333333334,type_4_ind_course_confidence_pretest_isc,8,0.51-0.43-0.43-0.59-0.58-0.67-0.62,0.545454545454545,0.402645040634108
1,star,0.583333333333333,0.583333333333333,label,9,0.5-0.36-0.55-0.44-0.48-0.56-0.66,0.45454545454545503,0.24940889116377
1,star,0.583333333333333,1.0,type_1_only_course,9,0.5-0.36-0.55-0.44-0.48-0.56-0.66,0.45454545454545503,0.24940889116377
1,star,0.583333333333333,0.9166666666666666,type_2_course_confidence,9,0.5-0.36-0.55-0.44-0.48-0.56-0.66,0.45454545454545503,0.24940889116377
1,star,0.583333333333333,0.75,type_3_course_confidence_pretest,9,0.5-0.36-0.55-0.44-0.48-0.56-0.66,0.45454545454545503,0.24940889116377
1,star,0.583333333333333,0.8,type_1_total_only_course,9,0.5-0.36-0.55-0.44-0.48-0.56-0.66,0.45454545454545503,0.24940889116377
1,star,0.583333333333333,0.75,type_2_total_course_confidence,9,0.5-0.36-0.55-0.44-0.48-0.56-0.66,0.45454545454545503,0.24940889116377
1,star,0.583333333333333,0.65,type_3_total_course_confidence_pretest,9,0.5-0.36-0.55-0.44-0.48-0.56-0.66,0.45454545454545503,0.24940889116377
1,star,0.583333333333333,0.5,type_2_ind_course_confidence,9,0.5-0.36-0.55-0.44-0.48-0.56-0.66,0.45454545454545503,0.24940889116377
1,star,0.583333333333333,0.3333333333333333,type_3_ind_course_confidence_pretest,9,0.5-0.36-0.55-0.44-0.48-0.56-0.66,0.45454545454545503,0.24940889116377
1,star,0.583333333333333,0.25,type_4_ind_course_confidence_pretest_isc,9,0.5-0.36-0.55-0.44-0.48-0.56-0.66,0.45454545454545503,0.24940889116377
1,star,0.5,0.5,label,10,0.39-0.33-0.39-0.57-0.42-0.55-0.54,0.45454545454545503,0.404018548802285
1,star,0.5,1.0,type_1_only_course,10,0.39-0.33-0.39-0.57-0.42-0.55-0.54,0.45454545454545503,0.404018548802285
1,star,0.5,0.75,type_2_course_confidence,10,0.39-0.33-0.39-0.57-0.42-0.55-0.54,0.45454545454545503,0.404018548802285
1,star,0.5,0.6666666666666666,type_3_course_confidence_pretest,10,0.39-0.33-0.39-0.57-0.42-0.55-0.54,0.45454545454545503,0.404018548802285
1,star,0.5,0.8,type_1_total_only_course,10,0.39-0.33-0.39-0.57-0.42-0.55-0.54,0.45454545454545503,0.404018548802285
1,star,0.5,0.75,type_2_total_course_confidence,10,0.39-0.33-0.39-0.57-0.42-0.55-0.54,0.45454545454545503,0.404018548802285
1,star,0.5,0.75,type_3_total_course_confidence_pretest,10,0.39-0.33-0.39-0.57-0.42-0.55-0.54,0.45454545454545503,0.404018548802285
1,star,0.5,0.5,type_2_ind_course_confidence,10,0.39-0.33-0.39-0.57-0.42-0.55-0.54,0.45454545454545503,0.404018548802285
1,star,0.5,0.16666666666666666,type_3_ind_course_confidence_pretest,10,0.39-0.33-0.39-0.57-0.42-0.55-0.54,0.45454545454545503,0.404018548802285
1,star,0.5,0.3333333333333333,type_4_ind_course_confidence_pretest_isc,10,0.39-0.33-0.39-0.57-0.42-0.55-0.54,0.45454545454545503,0.404018548802285
1,star,0.416666666666667,0.416666666666667,label,11,0.17-0.41-0.49-0.72-0.51-0.5-0.44,0.545454545454545,0.151303396048534
1,star,0.416666666666667,1.0,type_1_only_course,11,0.17-0.41-0.49-0.72-0.51-0.5-0.44,0.545454545454545,0.151303396048534
1,star,0.416666666666667,0.6666666666666666,type_2_course_confidence,11,0.17-0.41-0.49-0.72-0.51-0.5-0.44,0.545454545454545,0.151303396048534
1,star,0.416666666666667,0.6666666666666666,type_3_course_confidence_pretest,11,0.17-0.41-0.49-0.72-0.51-0.5-0.44,0.545454545454545,0.151303396048534
1,star,0.416666666666667,0.8,type_1_total_only_course,11,0.17-0.41-0.49-0.72-0.51-0.5-0.44,0.545454545454545,0.151303396048534
1,star,0.416666666666667,0.85,type_2_total_course_confidence,11,0.17-0.41-0.49-0.72-0.51-0.5-0.44,0.545454545454545,0.151303396048534
1,star,0.416666666666667,0.75,type_3_total_course_confidence_pretest,11,0.17-0.41-0.49-0.72-0.51-0.5-0.44,0.545454545454545,0.151303396048534
1,star,0.416666666666667,0.5,type_2_ind_course_confidence,11,0.17-0.41-0.49-0.72-0.51-0.5-0.44,0.545454545454545,0.151303396048534
1,star,0.416666666666667,0.3333333333333333,type_3_ind_course_confidence_pretest,11,0.17-0.41-0.49-0.72-0.51-0.5-0.44,0.545454545454545,0.151303396048534
1,star,0.416666666666667,0.16666666666666666,type_4_ind_course_confidence_pretest_isc,11,0.17-0.41-0.49-0.72-0.51-0.5-0.44,0.545454545454545,0.151303396048534
1,star,0.583333333333333,0.583333333333333,label,12,0.53-0.49-0.42-0.62-0.65-0.64-0.72,0.545454545454545,0.415064902837139
1,star,0.583333333333333,1.0,type_1_only_course,12,0.53-0.49-0.42-0.62-0.65-0.64-0.72,0.545454545454545,0.415064902837139
1,star,0.583333333333333,0.9166666666666666,type_2_course_confidence,12,0.53-0.49-0.42-0.62-0.65-0.64-0.72,0.545454545454545,0.415064902837139
1,star,0.583333333333333,0.75,type_3_course_confidence_pretest,12,0.53-0.49-0.42-0.62-0.65-0.64-0.72,0.545454545454545,0.415064902837139
1,star,0.583333333333333,0.8,type_1_total_only_course,12,0.53-0.49-0.42-0.62-0.65-0.64-0.72,0.545454545454545,0.415064902837139
1,star,0.583333333333333,0.75,type_2_total_course_confidence,12,0.53-0.49-0.42-0.62-0.65-0.64-0.72,0.545454545454545,0.415064902837139
1,star,0.583333333333333,0.75,type_3_total_course_confidence_pretest,12,0.53-0.49-0.42-0.62-0.65-0.64-0.72,0.545454545454545,0.415064902837139
1,star,0.583333333333333,0.5833333333333334,type_2_ind_course_confidence,12,0.53-0.49-0.42-0.62-0.65-0.64-0.72,0.545454545454545,0.415064902837139
1,star,0.583333333333333,0.5,type_3_ind_course_confidence_pretest,12,0.53-0.49-0.42-0.62-0.65-0.64-0.72,0.545454545454545,0.415064902837139
1,star,0.583333333333333,0.5833333333333334,type_4_ind_course_confidence_pretest_isc,12,0.53-0.49-0.42-0.62-0.65-0.64-0.72,0.545454545454545,0.415064902837139
1,star,0.25,0.25,label,13,0.48-0.41-0.48-0.66-0.56-0.67-0.69,0.545454545454545,0.437243848696734
1,star,0.25,1.0,type_1_only_course,13,0.48-0.41-0.48-0.66-0.56-0.67-0.69,0.545454545454545,0.437243848696734
1,star,0.25,0.75,type_2_course_confidence,13,0.48-0.41-0.48-0.66-0.56-0.67-0.69,0.545454545454545,0.437243848696734
1,star,0.25,0.6666666666666666,type_3_course_confidence_pretest,13,0.48-0.41-0.48-0.66-0.56-0.67-0.69,0.545454545454545,0.437243848696734
1,star,0.25,0.8,type_1_total_only_course,13,0.48-0.41-0.48-0.66-0.56-0.67-0.69,0.545454545454545,0.437243848696734
1,star,0.25,0.75,type_2_total_course_confidence,13,0.48-0.41-0.48-0.66-0.56-0.67-0.69,0.545454545454545,0.437243848696734
1,star,0.25,0.75,type_3_total_course_confidence_pretest,13,0.48-0.41-0.48-0.66-0.56-0.67-0.69,0.545454545454545,0.437243848696734
1,star,0.25,0.5,type_2_ind_course_confidence,13,0.48-0.41-0.48-0.66-0.56-0.67-0.69,0.545454545454545,0.437243848696734
1,star,0.25,0.5,type_3_ind_course_confidence_pretest,13,0.48-0.41-0.48-0.66-0.56-0.67-0.69,0.545454545454545,0.437243848696734
1,star,0.25,0.5833333333333334,type_4_ind_course_confidence_pretest_isc,13,0.48-0.41-0.48-0.66-0.56-0.67-0.69,0.545454545454545,0.437243848696734
1,star,0.916666666666667,0.916666666666667,label,14,0.28-0.27-0.3-0.56-0.5-0.49-0.6,0.272727272727273,0.437961316207194
1,star,0.916666666666667,1.0,type_1_only_course,14,0.28-0.27-0.3-0.56-0.5-0.49-0.6,0.272727272727273,0.437961316207194
1,star,0.916666666666667,0.9166666666666666,type_2_course_confidence,14,0.28-0.27-0.3-0.56-0.5-0.49-0.6,0.272727272727273,0.437961316207194
1,star,0.916666666666667,0.75,type_3_course_confidence_pretest,14,0.28-0.27-0.3-0.56-0.5-0.49-0.6,0.272727272727273,0.437961316207194
1,star,0.916666666666667,0.8,type_1_total_only_course,14,0.28-0.27-0.3-0.56-0.5-0.49-0.6,0.272727272727273,0.437961316207194
1,star,0.916666666666667,0.75,type_2_total_course_confidence,14,0.28-0.27-0.3-0.56-0.5-0.49-0.6,0.272727272727273,0.437961316207194
1,star,0.916666666666667,0.75,type_3_total_course_confidence_pretest,14,0.28-0.27-0.3-0.56-0.5-0.49-0.6,0.272727272727273,0.437961316207194
1,star,0.916666666666667,0.5,type_2_ind_course_confidence,14,0.28-0.27-0.3-0.56-0.5-0.49-0.6,0.272727272727273,0.437961316207194
1,star,0.916666666666667,0.08333333333333333,type_3_ind_course_confidence_pretest,14,0.28-0.27-0.3-0.56-0.5-0.49-0.6,0.272727272727273,0.437961316207194
1,star,0.916666666666667,0.16666666666666666,type_4_ind_course_confidence_pretest_isc,14,0.28-0.27-0.3-0.56-0.5-0.49-0.6,0.272727272727273,0.437961316207194
1,star,0.916666666666667,0.916666666666667,label,15,0.72-0.55-0.56-0.75-0.65-0.61-0.68,0.545454545454545,0.372966879484959
1,star,0.916666666666667,1.0,type_1_only_course,15,0.72-0.55-0.56-0.75-0.65-0.61-0.68,0.545454545454545,0.372966879484959
1,star,0.916666666666667,0.6666666666666666,type_2_course_confidence,15,0.72-0.55-0.56-0.75-0.65-0.61-0.68,0.545454545454545,0.372966879484959
1,star,0.916666666666667,0.75,type_3_course_confidence_pretest,15,0.72-0.55-0.56-0.75-0.65-0.61-0.68,0.545454545454545,0.372966879484959
1,star,0.916666666666667,0.8,type_1_total_only_course,15,0.72-0.55-0.56-0.75-0.65-0.61-0.68,0.545454545454545,0.372966879484959
1,star,0.916666666666667,0.75,type_2_total_course_confidence,15,0.72-0.55-0.56-0.75-0.65-0.61-0.68,0.545454545454545,0.372966879484959
1,star,0.916666666666667,0.75,type_3_total_course_confidence_pretest,15,0.72-0.55-0.56-0.75-0.65-0.61-0.68,0.545454545454545,0.372966879484959
1,star,0.916666666666667,0.5833333333333334,type_2_ind_course_confidence,15,0.72-0.55-0.56-0.75-0.65-0.61-0.68,0.545454545454545,0.372966879484959
1,star,0.916666666666667,0.75,type_3_ind_course_confidence_pretest,15,0.72-0.55-0.56-0.75-0.65-0.61-0.68,0.545454545454545,0.372966879484959
1,star,0.916666666666667,0.8333333333333334,type_4_ind_course_confidence_pretest_isc,15,0.72-0.55-0.56-0.75-0.65-0.61-0.68,0.545454545454545,0.372966879484959
1,star,0.75,0.75,label,16,0.4-0.43-0.46-0.64-0.68-0.75-0.78,0.7272727272727271,0.433728386377896
1,star,0.75,1.0,type_1_only_course,16,0.4-0.43-0.46-0.64-0.68-0.75-0.78,0.7272727272727271,0.433728386377896
1,star,0.75,0.9166666666666666,type_2_course_confidence,16,0.4-0.43-0.46-0.64-0.68-0.75-0.78,0.7272727272727271,0.433728386377896
1,star,0.75,0.75,type_3_course_confidence_pretest,16,0.4-0.43-0.46-0.64-0.68-0.75-0.78,0.7272727272727271,0.433728386377896
1,star,0.75,0.8,type_1_total_only_course,16,0.4-0.43-0.46-0.64-0.68-0.75-0.78,0.7272727272727271,0.433728386377896
1,star,0.75,0.85,type_2_total_course_confidence,16,0.4-0.43-0.46-0.64-0.68-0.75-0.78,0.7272727272727271,0.433728386377896
1,star,0.75,0.85,type_3_total_course_confidence_pretest,16,0.4-0.43-0.46-0.64-0.68-0.75-0.78,0.7272727272727271,0.433728386377896
1,star,0.75,0.5833333333333334,type_2_ind_course_confidence,16,0.4-0.43-0.46-0.64-0.68-0.75-0.78,0.7272727272727271,0.433728386377896
1,star,0.75,0.75,type_3_ind_course_confidence_pretest,16,0.4-0.43-0.46-0.64-0.68-0.75-0.78,0.7272727272727271,0.433728386377896
1,star,0.75,0.8333333333333334,type_4_ind_course_confidence_pretest_isc,16,0.4-0.43-0.46-0.64-0.68-0.75-0.78,0.7272727272727271,0.433728386377896
1,star,0.75,0.75,label,17,0.6-0.42-0.51-0.76-0.6-0.58-0.73,0.7272727272727271,0.428385295007873
1,star,0.75,1.0,type_1_only_course,17,0.6-0.42-0.51-0.76-0.6-0.58-0.73,0.7272727272727271,0.428385295007873
1,star,0.75,0.6666666666666666,type_2_course_confidence,17,0.6-0.42-0.51-0.76-0.6-0.58-0.73,0.7272727272727271,0.428385295007873
1,star,0.75,0.6666666666666666,type_3_course_confidence_pretest,17,0.6-0.42-0.51-0.76-0.6-0.58-0.73,0.7272727272727271,0.428385295007873
1,star,0.75,0.8,type_1_total_only_course,17,0.6-0.42-0.51-0.76-0.6-0.58-0.73,0.7272727272727271,0.428385295007873
1,star,0.75,0.75,type_2_total_course_confidence,17,0.6-0.42-0.51-0.76-0.6-0.58-0.73,0.7272727272727271,0.428385295007873
1,star,0.75,0.75,type_3_total_course_confidence_pretest,17,0.6-0.42-0.51-0.76-0.6-0.58-0.73,0.7272727272727271,0.428385295007873
1,star,0.75,0.5833333333333334,type_2_ind_course_confidence,17,0.6-0.42-0.51-0.76-0.6-0.58-0.73,0.7272727272727271,0.428385295007873
1,star,0.75,0.75,type_3_ind_course_confidence_pretest,17,0.6-0.42-0.51-0.76-0.6-0.58-0.73,0.7272727272727271,0.428385295007873
1,star,0.75,0.8333333333333334,type_4_ind_course_confidence_pretest_isc,17,0.6-0.42-0.51-0.76-0.6-0.58-0.73,0.7272727272727271,0.428385295007873
1,star,0.583333333333333,0.583333333333333,label,18,0.36-0.29-0.36-0.54-0.52-0.51-0.5,0.545454545454545,0.430941633039219
1,star,0.583333333333333,1.0,type_1_only_course,18,0.36-0.29-0.36-0.54-0.52-0.51-0.5,0.545454545454545,0.430941633039219
1,star,0.583333333333333,0.6666666666666666,type_2_course_confidence,18,0.36-0.29-0.36-0.54-0.52-0.51-0.5,0.545454545454545,0.430941633039219
1,star,0.583333333333333,0.75,type_3_course_confidence_pretest,18,0.36-0.29-0.36-0.54-0.52-0.51-0.5,0.545454545454545,0.430941633039219
1,star,0.583333333333333,0.8,type_1_total_only_course,18,0.36-0.29-0.36-0.54-0.52-0.51-0.5,0.545454545454545,0.430941633039219
1,star,0.583333333333333,0.75,type_2_total_course_confidence,18,0.36-0.29-0.36-0.54-0.52-0.51-0.5,0.545454545454545,0.430941633039219
1,star,0.583333333333333,0.75,type_3_total_course_confidence_pretest,18,0.36-0.29-0.36-0.54-0.52-0.51-0.5,0.545454545454545,0.430941633039219
1,star,0.583333333333333,0.5,type_2_ind_course_confidence,18,0.36-0.29-0.36-0.54-0.52-0.51-0.5,0.545454545454545,0.430941633039219
1,star,0.583333333333333,0.3333333333333333,type_3_ind_course_confidence_pretest,18,0.36-0.29-0.36-0.54-0.52-0.51-0.5,0.545454545454545,0.430941633039219
1,star,0.583333333333333,0.3333333333333333,type_4_ind_course_confidence_pretest_isc,18,0.36-0.29-0.36-0.54-0.52-0.51-0.5,0.545454545454545,0.430941633039219
1,star,0.75,0.75,label,19,0.8-0.59-0.71-0.86-0.74-0.79-0.8,0.818181818181818,0.404907499818122
1,star,0.75,1.0,type_1_only_course,19,0.8-0.59-0.71-0.86-0.74-0.79-0.8,0.818181818181818,0.404907499818122
1,star,0.75,0.75,type_2_course_confidence,19,0.8-0.59-0.71-0.86-0.74-0.79-0.8,0.818181818181818,0.404907499818122
1,star,0.75,0.6666666666666666,type_3_course_confidence_pretest,19,0.8-0.59-0.71-0.86-0.74-0.79-0.8,0.818181818181818,0.404907499818122
1,star,0.75,0.8,type_1_total_only_course,19,0.8-0.59-0.71-0.86-0.74-0.79-0.8,0.818181818181818,0.404907499818122
1,star,0.75,0.85,type_2_total_course_confidence,19,0.8-0.59-0.71-0.86-0.74-0.79-0.8,0.818181818181818,0.404907499818122
1,star,0.75,0.75,type_3_total_course_confidence_pretest,19,0.8-0.59-0.71-0.86-0.74-0.79-0.8,0.818181818181818,0.404907499818122
1,star,0.75,0.75,type_2_ind_course_confidence,19,0.8-0.59-0.71-0.86-0.74-0.79-0.8,0.818181818181818,0.404907499818122
1,star,0.75,0.8333333333333334,type_3_ind_course_confidence_pretest,19,0.8-0.59-0.71-0.86-0.74-0.79-0.8,0.818181818181818,0.404907499818122
1,star,0.75,0.8333333333333334,type_4_ind_course_confidence_pretest_isc,19,0.8-0.59-0.71-0.86-0.74-0.79-0.8,0.818181818181818,0.404907499818122
1,star,0.75,0.75,label,20,0.11-0.3-0.35-0.51-0.58-0.51-0.5,0.36363636363636404,0.177501126843201
1,star,0.75,1.0,type_1_only_course,20,0.11-0.3-0.35-0.51-0.58-0.51-0.5,0.36363636363636404,0.177501126843201
1,star,0.75,0.6666666666666666,type_2_course_confidence,20,0.11-0.3-0.35-0.51-0.58-0.51-0.5,0.36363636363636404,0.177501126843201
1,star,0.75,0.75,type_3_course_confidence_pretest,20,0.11-0.3-0.35-0.51-0.58-0.51-0.5,0.36363636363636404,0.177501126843201
1,star,0.75,0.8,type_1_total_only_course,20,0.11-0.3-0.35-0.51-0.58-0.51-0.5,0.36363636363636404,0.177501126843201
1,star,0.75,0.75,type_2_total_course_confidence,20,0.11-0.3-0.35-0.51-0.58-0.51-0.5,0.36363636363636404,0.177501126843201
1,star,0.75,0.75,type_3_total_course_confidence_pretest,20,0.11-0.3-0.35-0.51-0.58-0.51-0.5,0.36363636363636404,0.177501126843201
1,star,0.75,0.5,type_2_ind_course_confidence,20,0.11-0.3-0.35-0.51-0.58-0.51-0.5,0.36363636363636404,0.177501126843201
1,star,0.75,0.0,type_3_ind_course_confidence_pretest,20,0.11-0.3-0.35-0.51-0.58-0.51-0.5,0.36363636363636404,0.177501126843201
1,star,0.75,0.08333333333333333,type_4_ind_course_confidence_pretest_isc,20,0.11-0.3-0.35-0.51-0.58-0.51-0.5,0.36363636363636404,0.177501126843201
1,star,0.916666666666667,0.916666666666667,label,21,0.59-0.51-0.56-0.75-0.59-0.75-0.77,1.0,0.441017049472568
1,star,0.916666666666667,1.0,type_1_only_course,21,0.59-0.51-0.56-0.75-0.59-0.75-0.77,1.0,0.441017049472568
1,star,0.916666666666667,0.9166666666666666,type_2_course_confidence,21,0.59-0.51-0.56-0.75-0.59-0.75-0.77,1.0,0.441017049472568
1,star,0.916666666666667,1.0,type_3_course_confidence_pretest,21,0.59-0.51-0.56-0.75-0.59-0.75-0.77,1.0,0.441017049472568
1,star,0.916666666666667,0.8,type_1_total_only_course,21,0.59-0.51-0.56-0.75-0.59-0.75-0.77,1.0,0.441017049472568
1,star,0.916666666666667,0.85,type_2_total_course_confidence,21,0.59-0.51-0.56-0.75-0.59-0.75-0.77,1.0,0.441017049472568
1,star,0.916666666666667,0.85,type_3_total_course_confidence_pretest,21,0.59-0.51-0.56-0.75-0.59-0.75-0.77,1.0,0.441017049472568
1,star,0.916666666666667,0.5833333333333334,type_2_ind_course_confidence,21,0.59-0.51-0.56-0.75-0.59-0.75-0.77,1.0,0.441017049472568
1,star,0.916666666666667,0.8333333333333334,type_3_ind_course_confidence_pretest,21,0.59-0.51-0.56-0.75-0.59-0.75-0.77,1.0,0.441017049472568
1,star,0.916666666666667,0.8333333333333334,type_4_ind_course_confidence_pretest_isc,21,0.59-0.51-0.56-0.75-0.59-0.75-0.77,1.0,0.441017049472568
1,star,0.75,0.75,label,22,0.29-0.27-0.22-0.34-0.29-0.27-0.32,0.636363636363636,0.327475977717624
1,star,0.75,1.0,type_1_only_course,22,0.29-0.27-0.22-0.34-0.29-0.27-0.32,0.636363636363636,0.327475977717624
1,star,0.75,0.75,type_2_course_confidence,22,0.29-0.27-0.22-0.34-0.29-0.27-0.32,0.636363636363636,0.327475977717624
1,star,0.75,0.6666666666666666,type_3_course_confidence_pretest,22,0.29-0.27-0.22-0.34-0.29-0.27-0.32,0.636363636363636,0.327475977717624
1,star,0.75,0.8,type_1_total_only_course,22,0.29-0.27-0.22-0.34-0.29-0.27-0.32,0.636363636363636,0.327475977717624
1,star,0.75,0.75,type_2_total_course_confidence,22,0.29-0.27-0.22-0.34-0.29-0.27-0.32,0.636363636363636,0.327475977717624
1,star,0.75,0.75,type_3_total_course_confidence_pretest,22,0.29-0.27-0.22-0.34-0.29-0.27-0.32,0.636363636363636,0.327475977717624
1,star,0.75,0.25,type_2_ind_course_confidence,22,0.29-0.27-0.22-0.34-0.29-0.27-0.32,0.636363636363636,0.327475977717624
1,star,0.75,0.3333333333333333,type_3_ind_course_confidence_pretest,22,0.29-0.27-0.22-0.34-0.29-0.27-0.32,0.636363636363636,0.327475977717624
1,star,0.75,0.3333333333333333,type_4_ind_course_confidence_pretest_isc,22,0.29-0.27-0.22-0.34-0.29-0.27-0.32,0.636363636363636,0.327475977717624
1,star,0.25,0.25,label,23,0.07-0.08-0.08-0.07-0.13-0.12-0.15,0.45454545454545503,0.267024821599342
1,star,0.25,1.0,type_1_only_course,23,0.07-0.08-0.08-0.07-0.13-0.12-0.15,0.45454545454545503,0.267024821599342
1,star,0.25,1.0,type_2_course_confidence,23,0.07-0.08-0.08-0.07-0.13-0.12-0.15,0.45454545454545503,0.267024821599342
1,star,0.25,0.75,type_3_course_confidence_pretest,23,0.07-0.08-0.08-0.07-0.13-0.12-0.15,0.45454545454545503,0.267024821599342
1,star,0.25,0.8,type_1_total_only_course,23,0.07-0.08-0.08-0.07-0.13-0.12-0.15,0.45454545454545503,0.267024821599342
1,star,0.25,0.75,type_2_total_course_confidence,23,0.07-0.08-0.08-0.07-0.13-0.12-0.15,0.45454545454545503,0.267024821599342
1,star,0.25,0.75,type_3_total_course_confidence_pretest,23,0.07-0.08-0.08-0.07-0.13-0.12-0.15,0.45454545454545503,0.267024821599342
1,star,0.25,0.3333333333333333,type_2_ind_course_confidence,23,0.07-0.08-0.08-0.07-0.13-0.12-0.15,0.45454545454545503,0.267024821599342
1,star,0.25,0.08333333333333333,type_3_ind_course_confidence_pretest,23,0.07-0.08-0.08-0.07-0.13-0.12-0.15,0.45454545454545503,0.267024821599342
1,star,0.25,0.08333333333333333,type_4_ind_course_confidence_pretest_isc,23,0.07-0.08-0.08-0.07-0.13-0.12-0.15,0.45454545454545503,0.267024821599342
1,star,0.25,0.25,label,24,0.26-0.39-0.48-0.43-0.52-0.54-0.44,0.272727272727273,0.129170302864136
1,star,0.25,1.0,type_1_only_course,24,0.26-0.39-0.48-0.43-0.52-0.54-0.44,0.272727272727273,0.129170302864136
1,star,0.25,0.75,type_2_course_confidence,24,0.26-0.39-0.48-0.43-0.52-0.54-0.44,0.272727272727273,0.129170302864136
1,star,0.25,0.8333333333333334,type_3_course_confidence_pretest,24,0.26-0.39-0.48-0.43-0.52-0.54-0.44,0.272727272727273,0.129170302864136
1,star,0.25,0.75,type_1_total_only_course,24,0.26-0.39-0.48-0.43-0.52-0.54-0.44,0.272727272727273,0.129170302864136
1,star,0.25,0.75,type_2_total_course_confidence,24,0.26-0.39-0.48-0.43-0.52-0.54-0.44,0.272727272727273,0.129170302864136
1,star,0.25,0.65,type_3_total_course_confidence_pretest,24,0.26-0.39-0.48-0.43-0.52-0.54-0.44,0.272727272727273,0.129170302864136
1,star,0.25,0.5,type_2_ind_course_confidence,24,0.26-0.39-0.48-0.43-0.52-0.54-0.44,0.272727272727273,0.129170302864136
1,star,0.25,0.08333333333333333,type_3_ind_course_confidence_pretest,24,0.26-0.39-0.48-0.43-0.52-0.54-0.44,0.272727272727273,0.129170302864136
1,star,0.25,0.08333333333333333,type_4_ind_course_confidence_pretest_isc,24,0.26-0.39-0.48-0.43-0.52-0.54-0.44,0.272727272727273,0.129170302864136
1,star,0.5,0.5,label,25,0.73-0.7-0.76-0.86-0.76-0.61-0.57,0.45454545454545503,0.235537191758078
1,star,0.5,1.0,type_1_only_course,25,0.73-0.7-0.76-0.86-0.76-0.61-0.57,0.45454545454545503,0.235537191758078
1,star,0.5,0.75,type_2_course_confidence,25,0.73-0.7-0.76-0.86-0.76-0.61-0.57,0.45454545454545503,0.235537191758078
1,star,0.5,0.75,type_3_course_confidence_pretest,25,0.73-0.7-0.76-0.86-0.76-0.61-0.57,0.45454545454545503,0.235537191758078
1,star,0.5,0.75,type_1_total_only_course,25,0.73-0.7-0.76-0.86-0.76-0.61-0.57,0.45454545454545503,0.235537191758078
1,star,0.5,0.75,type_2_total_course_confidence,25,0.73-0.7-0.76-0.86-0.76-0.61-0.57,0.45454545454545503,0.235537191758078
1,star,0.5,0.65,type_3_total_course_confidence_pretest,25,0.73-0.7-0.76-0.86-0.76-0.61-0.57,0.45454545454545503,0.235537191758078
1,star,0.5,0.6666666666666666,type_2_ind_course_confidence,25,0.73-0.7-0.76-0.86-0.76-0.61-0.57,0.45454545454545503,0.235537191758078
1,star,0.5,0.5833333333333334,type_3_ind_course_confidence_pretest,25,0.73-0.7-0.76-0.86-0.76-0.61-0.57,0.45454545454545503,0.235537191758078
1,star,0.5,0.4166666666666667,type_4_ind_course_confidence_pretest_isc,25,0.73-0.7-0.76-0.86-0.76-0.61-0.57,0.45454545454545503,0.235537191758078
1,star,0.166666666666667,0.166666666666667,label,26,0.45-0.41-0.25-0.55-0.71-0.72-0.71,0.36363636363636404,0.139716528451799
1,star,0.166666666666667,1.0,type_1_only_course,26,0.45-0.41-0.25-0.55-0.71-0.72-0.71,0.36363636363636404,0.139716528451799
1,star,0.166666666666667,0.75,type_2_course_confidence,26,0.45-0.41-0.25-0.55-0.71-0.72-0.71,0.36363636363636404,0.139716528451799
1,star,0.166666666666667,0.6666666666666666,type_3_course_confidence_pretest,26,0.45-0.41-0.25-0.55-0.71-0.72-0.71,0.36363636363636404,0.139716528451799
1,star,0.166666666666667,0.75,type_1_total_only_course,26,0.45-0.41-0.25-0.55-0.71-0.72-0.71,0.36363636363636404,0.139716528451799
1,star,0.166666666666667,0.75,type_2_total_course_confidence,26,0.45-0.41-0.25-0.55-0.71-0.72-0.71,0.36363636363636404,0.139716528451799
1,star,0.166666666666667,0.65,type_3_total_course_confidence_pretest,26,0.45-0.41-0.25-0.55-0.71-0.72-0.71,0.36363636363636404,0.139716528451799
1,star,0.166666666666667,0.5,type_2_ind_course_confidence,26,0.45-0.41-0.25-0.55-0.71-0.72-0.71,0.36363636363636404,0.139716528451799
1,star,0.166666666666667,0.08333333333333333,type_3_ind_course_confidence_pretest,26,0.45-0.41-0.25-0.55-0.71-0.72-0.71,0.36363636363636404,0.139716528451799
1,star,0.166666666666667,0.0,type_4_ind_course_confidence_pretest_isc,26,0.45-0.41-0.25-0.55-0.71-0.72-0.71,0.36363636363636404,0.139716528451799
1,birth,0.916666666666667,0.916666666666667,label,0,0.52-0.63-0.66-0.68-0.58-0.45-0.61-0.74-0.47-0.51,0.7272727272727271,0.417163299992628
1,birth,0.916666666666667,0.0,type_1_only_course,0,0.52-0.63-0.66-0.68-0.58-0.45-0.61-0.74-0.47-0.51,0.7272727272727271,0.417163299992628
1,birth,0.916666666666667,0.3333333333333333,type_2_course_confidence,0,0.52-0.63-0.66-0.68-0.58-0.45-0.61-0.74-0.47-0.51,0.7272727272727271,0.417163299992628
1,birth,0.916666666666667,0.5833333333333334,type_3_course_confidence_pretest,0,0.52-0.63-0.66-0.68-0.58-0.45-0.61-0.74-0.47-0.51,0.7272727272727271,0.417163299992628
1,birth,0.916666666666667,0.75,type_1_total_only_course,0,0.52-0.63-0.66-0.68-0.58-0.45-0.61-0.74-0.47-0.51,0.7272727272727271,0.417163299992628
1,birth,0.916666666666667,0.75,type_2_total_course_confidence,0,0.52-0.63-0.66-0.68-0.58-0.45-0.61-0.74-0.47-0.51,0.7272727272727271,0.417163299992628
1,birth,0.916666666666667,0.75,type_3_total_course_confidence_pretest,0,0.52-0.63-0.66-0.68-0.58-0.45-0.61-0.74-0.47-0.51,0.7272727272727271,0.417163299992628
1,birth,0.916666666666667,0.9166666666666666,type_2_ind_course_confidence,0,0.52-0.63-0.66-0.68-0.58-0.45-0.61-0.74-0.47-0.51,0.7272727272727271,0.417163299992628
1,birth,0.916666666666667,0.9166666666666666,type_3_ind_course_confidence_pretest,0,0.52-0.63-0.66-0.68-0.58-0.45-0.61-0.74-0.47-0.51,0.7272727272727271,0.417163299992628
1,birth,0.916666666666667,0.8333333333333334,type_4_ind_course_confidence_pretest_isc,0,0.52-0.63-0.66-0.68-0.58-0.45-0.61-0.74-0.47-0.51,0.7272727272727271,0.417163299992628
1,birth,0.75,0.75,label,1,0.42-0.53-0.53-0.59-0.68-0.58-0.6-0.7-0.46-0.5,0.36363636363636404,0.434511325549858
1,birth,0.75,0.16666666666666666,type_1_only_course,1,0.42-0.53-0.53-0.59-0.68-0.58-0.6-0.7-0.46-0.5,0.36363636363636404,0.434511325549858
1,birth,0.75,0.3333333333333333,type_2_course_confidence,1,0.42-0.53-0.53-0.59-0.68-0.58-0.6-0.7-0.46-0.5,0.36363636363636404,0.434511325549858
1,birth,0.75,0.4166666666666667,type_3_course_confidence_pretest,1,0.42-0.53-0.53-0.59-0.68-0.58-0.6-0.7-0.46-0.5,0.36363636363636404,0.434511325549858
1,birth,0.75,0.75,type_1_total_only_course,1,0.42-0.53-0.53-0.59-0.68-0.58-0.6-0.7-0.46-0.5,0.36363636363636404,0.434511325549858
1,birth,0.75,0.75,type_2_total_course_confidence,1,0.42-0.53-0.53-0.59-0.68-0.58-0.6-0.7-0.46-0.5,0.36363636363636404,0.434511325549858
1,birth,0.75,0.75,type_3_total_course_confidence_pretest,1,0.42-0.53-0.53-0.59-0.68-0.58-0.6-0.7-0.46-0.5,0.36363636363636404,0.434511325549858
1,birth,0.75,0.75,type_2_ind_course_confidence,1,0.42-0.53-0.53-0.59-0.68-0.58-0.6-0.7-0.46-0.5,0.36363636363636404,0.434511325549858
1,birth,0.75,0.5,type_3_ind_course_confidence_pretest,1,0.42-0.53-0.53-0.59-0.68-0.58-0.6-0.7-0.46-0.5,0.36363636363636404,0.434511325549858
1,birth,0.75,0.4166666666666667,type_4_ind_course_confidence_pretest_isc,1,0.42-0.53-0.53-0.59-0.68-0.58-0.6-0.7-0.46-0.5,0.36363636363636404,0.434511325549858
1,birth,0.833333333333333,0.833333333333333,label,2,0.32-0.41-0.44-0.48-0.49-0.45-0.46-0.43-0.35-0.39,0.636363636363636,0.421848653818387
1,birth,0.833333333333333,0.0,type_1_only_course,2,0.32-0.41-0.44-0.48-0.49-0.45-0.46-0.43-0.35-0.39,0.636363636363636,0.421848653818387
1,birth,0.833333333333333,0.5,type_2_course_confidence,2,0.32-0.41-0.44-0.48-0.49-0.45-0.46-0.43-0.35-0.39,0.636363636363636,0.421848653818387
1,birth,0.833333333333333,0.3333333333333333,type_3_course_confidence_pretest,2,0.32-0.41-0.44-0.48-0.49-0.45-0.46-0.43-0.35-0.39,0.636363636363636,0.421848653818387
1,birth,0.833333333333333,0.75,type_1_total_only_course,2,0.32-0.41-0.44-0.48-0.49-0.45-0.46-0.43-0.35-0.39,0.636363636363636,0.421848653818387
1,birth,0.833333333333333,0.75,type_2_total_course_confidence,2,0.32-0.41-0.44-0.48-0.49-0.45-0.46-0.43-0.35-0.39,0.636363636363636,0.421848653818387
1,birth,0.833333333333333,0.75,type_3_total_course_confidence_pretest,2,0.32-0.41-0.44-0.48-0.49-0.45-0.46-0.43-0.35-0.39,0.636363636363636,0.421848653818387
1,birth,0.833333333333333,0.5,type_2_ind_course_confidence,2,0.32-0.41-0.44-0.48-0.49-0.45-0.46-0.43-0.35-0.39,0.636363636363636,0.421848653818387
1,birth,0.833333333333333,0.5833333333333334,type_3_ind_course_confidence_pretest,2,0.32-0.41-0.44-0.48-0.49-0.45-0.46-0.43-0.35-0.39,0.636363636363636,0.421848653818387
1,birth,0.833333333333333,0.6666666666666666,type_4_ind_course_confidence_pretest_isc,2,0.32-0.41-0.44-0.48-0.49-0.45-0.46-0.43-0.35-0.39,0.636363636363636,0.421848653818387
1,birth,1.0,1.0,label,3,0.57-0.6-0.58-0.66-0.63-0.63-0.74-0.78-0.55-0.59,0.545454545454545,0.388994839453617
1,birth,1.0,0.0,type_1_only_course,3,0.57-0.6-0.58-0.66-0.63-0.63-0.74-0.78-0.55-0.59,0.545454545454545,0.388994839453617
1,birth,1.0,0.3333333333333333,type_2_course_confidence,3,0.57-0.6-0.58-0.66-0.63-0.63-0.74-0.78-0.55-0.59,0.545454545454545,0.388994839453617
1,birth,1.0,0.5833333333333334,type_3_course_confidence_pretest,3,0.57-0.6-0.58-0.66-0.63-0.63-0.74-0.78-0.55-0.59,0.545454545454545,0.388994839453617
1,birth,1.0,0.75,type_1_total_only_course,3,0.57-0.6-0.58-0.66-0.63-0.63-0.74-0.78-0.55-0.59,0.545454545454545,0.388994839453617
1,birth,1.0,0.75,type_2_total_course_confidence,3,0.57-0.6-0.58-0.66-0.63-0.63-0.74-0.78-0.55-0.59,0.545454545454545,0.388994839453617
1,birth,1.0,0.75,type_3_total_course_confidence_pretest,3,0.57-0.6-0.58-0.66-0.63-0.63-0.74-0.78-0.55-0.59,0.545454545454545,0.388994839453617
1,birth,1.0,0.8333333333333334,type_2_ind_course_confidence,3,0.57-0.6-0.58-0.66-0.63-0.63-0.74-0.78-0.55-0.59,0.545454545454545,0.388994839453617
1,birth,1.0,0.8333333333333334,type_3_ind_course_confidence_pretest,3,0.57-0.6-0.58-0.66-0.63-0.63-0.74-0.78-0.55-0.59,0.545454545454545,0.388994839453617
1,birth,1.0,0.75,type_4_ind_course_confidence_pretest_isc,3,0.57-0.6-0.58-0.66-0.63-0.63-0.74-0.78-0.55-0.59,0.545454545454545,0.388994839453617
1,birth,0.916666666666667,0.916666666666667,label,4,0.55-0.73-0.75-0.74-0.77-0.7-0.78-0.8-0.68-0.67,0.45454545454545503,0.459602008833853
1,birth,0.916666666666667,0.0,type_1_only_course,4,0.55-0.73-0.75-0.74-0.77-0.7-0.78-0.8-0.68-0.67,0.45454545454545503,0.459602008833853
1,birth,0.916666666666667,0.3333333333333333,type_2_course_confidence,4,0.55-0.73-0.75-0.74-0.77-0.7-0.78-0.8-0.68-0.67,0.45454545454545503,0.459602008833853
1,birth,0.916666666666667,0.5,type_3_course_confidence_pretest,4,0.55-0.73-0.75-0.74-0.77-0.7-0.78-0.8-0.68-0.67,0.45454545454545503,0.459602008833853
1,birth,0.916666666666667,0.75,type_1_total_only_course,4,0.55-0.73-0.75-0.74-0.77-0.7-0.78-0.8-0.68-0.67,0.45454545454545503,0.459602008833853
1,birth,0.916666666666667,0.75,type_2_total_course_confidence,4,0.55-0.73-0.75-0.74-0.77-0.7-0.78-0.8-0.68-0.67,0.45454545454545503,0.459602008833853
1,birth,0.916666666666667,0.75,type_3_total_course_confidence_pretest,4,0.55-0.73-0.75-0.74-0.77-0.7-0.78-0.8-0.68-0.67,0.45454545454545503,0.459602008833853
1,birth,0.916666666666667,0.9166666666666666,type_2_ind_course_confidence,4,0.55-0.73-0.75-0.74-0.77-0.7-0.78-0.8-0.68-0.67,0.45454545454545503,0.459602008833853
1,birth,0.916666666666667,0.6666666666666666,type_3_ind_course_confidence_pretest,4,0.55-0.73-0.75-0.74-0.77-0.7-0.78-0.8-0.68-0.67,0.45454545454545503,0.459602008833853
1,birth,0.916666666666667,0.6666666666666666,type_4_ind_course_confidence_pretest_isc,4,0.55-0.73-0.75-0.74-0.77-0.7-0.78-0.8-0.68-0.67,0.45454545454545503,0.459602008833853
1,birth,1.0,1.0,label,5,0.42-0.65-0.76-0.77-0.82-0.7-0.81-0.83-0.67-0.73,0.7272727272727271,0.443634326826667
1,birth,1.0,0.0,type_1_only_course,5,0.42-0.65-0.76-0.77-0.82-0.7-0.81-0.83-0.67-0.73,0.7272727272727271,0.443634326826667
1,birth,1.0,0.25,type_2_course_confidence,5,0.42-0.65-0.76-0.77-0.82-0.7-0.81-0.83-0.67-0.73,0.7272727272727271,0.443634326826667
1,birth,1.0,0.5833333333333334,type_3_course_confidence_pretest,5,0.42-0.65-0.76-0.77-0.82-0.7-0.81-0.83-0.67-0.73,0.7272727272727271,0.443634326826667
1,birth,1.0,0.75,type_1_total_only_course,5,0.42-0.65-0.76-0.77-0.82-0.7-0.81-0.83-0.67-0.73,0.7272727272727271,0.443634326826667
1,birth,1.0,0.75,type_2_total_course_confidence,5,0.42-0.65-0.76-0.77-0.82-0.7-0.81-0.83-0.67-0.73,0.7272727272727271,0.443634326826667
1,birth,1.0,0.75,type_3_total_course_confidence_pretest,5,0.42-0.65-0.76-0.77-0.82-0.7-0.81-0.83-0.67-0.73,0.7272727272727271,0.443634326826667
1,birth,1.0,0.8333333333333334,type_2_ind_course_confidence,5,0.42-0.65-0.76-0.77-0.82-0.7-0.81-0.83-0.67-0.73,0.7272727272727271,0.443634326826667
1,birth,1.0,0.8333333333333334,type_3_ind_course_confidence_pretest,5,0.42-0.65-0.76-0.77-0.82-0.7-0.81-0.83-0.67-0.73,0.7272727272727271,0.443634326826667
1,birth,1.0,0.9166666666666666,type_4_ind_course_confidence_pretest_isc,5,0.42-0.65-0.76-0.77-0.82-0.7-0.81-0.83-0.67-0.73,0.7272727272727271,0.443634326826667
1,birth,1.0,1.0,label,6,0.36-0.46-0.52-0.53-0.52-0.43-0.42-0.51-0.4-0.45,0.545454545454545,0.434303254396758
1,birth,1.0,0.0,type_1_only_course,6,0.36-0.46-0.52-0.53-0.52-0.43-0.42-0.51-0.4-0.45,0.545454545454545,0.434303254396758
1,birth,1.0,0.25,type_2_course_confidence,6,0.36-0.46-0.52-0.53-0.52-0.43-0.42-0.51-0.4-0.45,0.545454545454545,0.434303254396758
1,birth,1.0,0.6666666666666666,type_3_course_confidence_pretest,6,0.36-0.46-0.52-0.53-0.52-0.43-0.42-0.51-0.4-0.45,0.545454545454545,0.434303254396758
1,birth,1.0,0.75,type_1_total_only_course,6,0.36-0.46-0.52-0.53-0.52-0.43-0.42-0.51-0.4-0.45,0.545454545454545,0.434303254396758
1,birth,1.0,0.75,type_2_total_course_confidence,6,0.36-0.46-0.52-0.53-0.52-0.43-0.42-0.51-0.4-0.45,0.545454545454545,0.434303254396758
1,birth,1.0,0.75,type_3_total_course_confidence_pretest,6,0.36-0.46-0.52-0.53-0.52-0.43-0.42-0.51-0.4-0.45,0.545454545454545,0.434303254396758
1,birth,1.0,0.5833333333333334,type_2_ind_course_confidence,6,0.36-0.46-0.52-0.53-0.52-0.43-0.42-0.51-0.4-0.45,0.545454545454545,0.434303254396758
1,birth,1.0,0.5833333333333334,type_3_ind_course_confidence_pretest,6,0.36-0.46-0.52-0.53-0.52-0.43-0.42-0.51-0.4-0.45,0.545454545454545,0.434303254396758
1,birth,1.0,0.5,type_4_ind_course_confidence_pretest_isc,6,0.36-0.46-0.52-0.53-0.52-0.43-0.42-0.51-0.4-0.45,0.545454545454545,0.434303254396758
1,birth,0.75,0.75,label,7,0.38-0.55-0.71-0.7-0.72-0.67-0.72-0.72-0.58-0.68,0.272727272727273,0.44575583226625
1,birth,0.75,0.0,type_1_only_course,7,0.38-0.55-0.71-0.7-0.72-0.67-0.72-0.72-0.58-0.68,0.272727272727273,0.44575583226625
1,birth,0.75,0.3333333333333333,type_2_course_confidence,7,0.38-0.55-0.71-0.7-0.72-0.67-0.72-0.72-0.58-0.68,0.272727272727273,0.44575583226625
1,birth,0.75,0.4166666666666667,type_3_course_confidence_pretest,7,0.38-0.55-0.71-0.7-0.72-0.67-0.72-0.72-0.58-0.68,0.272727272727273,0.44575583226625
1,birth,0.75,0.75,type_1_total_only_course,7,0.38-0.55-0.71-0.7-0.72-0.67-0.72-0.72-0.58-0.68,0.272727272727273,0.44575583226625
1,birth,0.75,0.75,type_2_total_course_confidence,7,0.38-0.55-0.71-0.7-0.72-0.67-0.72-0.72-0.58-0.68,0.272727272727273,0.44575583226625
1,birth,0.75,0.75,type_3_total_course_confidence_pretest,7,0.38-0.55-0.71-0.7-0.72-0.67-0.72-0.72-0.58-0.68,0.272727272727273,0.44575583226625
1,birth,0.75,0.8333333333333334,type_2_ind_course_confidence,7,0.38-0.55-0.71-0.7-0.72-0.67-0.72-0.72-0.58-0.68,0.272727272727273,0.44575583226625
1,birth,0.75,0.3333333333333333,type_3_ind_course_confidence_pretest,7,0.38-0.55-0.71-0.7-0.72-0.67-0.72-0.72-0.58-0.68,0.272727272727273,0.44575583226625
1,birth,0.75,0.3333333333333333,type_4_ind_course_confidence_pretest_isc,7,0.38-0.55-0.71-0.7-0.72-0.67-0.72-0.72-0.58-0.68,0.272727272727273,0.44575583226625
1,birth,0.833333333333333,0.833333333333333,label,8,0.5-0.54-0.66-0.69-0.69-0.63-0.76-0.76-0.65-0.77,0.545454545454545,0.431389345491175
1,birth,0.833333333333333,0.0,type_1_only_course,8,0.5-0.54-0.66-0.69-0.69-0.63-0.76-0.76-0.65-0.77,0.545454545454545,0.431389345491175
1,birth,0.833333333333333,0.08333333333333333,type_2_course_confidence,8,0.5-0.54-0.66-0.69-0.69-0.63-0.76-0.76-0.65-0.77,0.545454545454545,0.431389345491175
1,birth,0.833333333333333,0.5833333333333334,type_3_course_confidence_pretest,8,0.5-0.54-0.66-0.69-0.69-0.63-0.76-0.76-0.65-0.77,0.545454545454545,0.431389345491175
1,birth,0.833333333333333,0.75,type_1_total_only_course,8,0.5-0.54-0.66-0.69-0.69-0.63-0.76-0.76-0.65-0.77,0.545454545454545,0.431389345491175
1,birth,0.833333333333333,0.75,type_2_total_course_confidence,8,0.5-0.54-0.66-0.69-0.69-0.63-0.76-0.76-0.65-0.77,0.545454545454545,0.431389345491175
1,birth,0.833333333333333,0.75,type_3_total_course_confidence_pretest,8,0.5-0.54-0.66-0.69-0.69-0.63-0.76-0.76-0.65-0.77,0.545454545454545,0.431389345491175
1,birth,0.833333333333333,0.8333333333333334,type_2_ind_course_confidence,8,0.5-0.54-0.66-0.69-0.69-0.63-0.76-0.76-0.65-0.77,0.545454545454545,0.431389345491175
1,birth,0.833333333333333,0.8333333333333334,type_3_ind_course_confidence_pretest,8,0.5-0.54-0.66-0.69-0.69-0.63-0.76-0.76-0.65-0.77,0.545454545454545,0.431389345491175
1,birth,0.833333333333333,0.8333333333333334,type_4_ind_course_confidence_pretest_isc,8,0.5-0.54-0.66-0.69-0.69-0.63-0.76-0.76-0.65-0.77,0.545454545454545,0.431389345491175
1,birth,0.75,0.75,label,9,0.3-0.39-0.41-0.41-0.62-0.57-0.72-0.67-0.44-0.48,0.45454545454545503,0.313846990027145
1,birth,0.75,0.0,type_1_only_course,9,0.3-0.39-0.41-0.41-0.62-0.57-0.72-0.67-0.44-0.48,0.45454545454545503,0.313846990027145
1,birth,0.75,0.16666666666666666,type_2_course_confidence,9,0.3-0.39-0.41-0.41-0.62-0.57-0.72-0.67-0.44-0.48,0.45454545454545503,0.313846990027145
1,birth,0.75,0.5833333333333334,type_3_course_confidence_pretest,9,0.3-0.39-0.41-0.41-0.62-0.57-0.72-0.67-0.44-0.48,0.45454545454545503,0.313846990027145
1,birth,0.75,0.75,type_1_total_only_course,9,0.3-0.39-0.41-0.41-0.62-0.57-0.72-0.67-0.44-0.48,0.45454545454545503,0.313846990027145
1,birth,0.75,0.75,type_2_total_course_confidence,9,0.3-0.39-0.41-0.41-0.62-0.57-0.72-0.67-0.44-0.48,0.45454545454545503,0.313846990027145
1,birth,0.75,0.75,type_3_total_course_confidence_pretest,9,0.3-0.39-0.41-0.41-0.62-0.57-0.72-0.67-0.44-0.48,0.45454545454545503,0.313846990027145
1,birth,0.75,0.75,type_2_ind_course_confidence,9,0.3-0.39-0.41-0.41-0.62-0.57-0.72-0.67-0.44-0.48,0.45454545454545503,0.313846990027145
1,birth,0.75,0.5,type_3_ind_course_confidence_pretest,9,0.3-0.39-0.41-0.41-0.62-0.57-0.72-0.67-0.44-0.48,0.45454545454545503,0.313846990027145
1,birth,0.75,0.5,type_4_ind_course_confidence_pretest_isc,9,0.3-0.39-0.41-0.41-0.62-0.57-0.72-0.67-0.44-0.48,0.45454545454545503,0.313846990027145
1,birth,0.666666666666667,0.666666666666667,label,10,0.27-0.36-0.46-0.42-0.35-0.42-0.42-0.5-0.43-0.34,0.45454545454545503,0.408925500276498
1,birth,0.666666666666667,0.0,type_1_only_course,10,0.27-0.36-0.46-0.42-0.35-0.42-0.42-0.5-0.43-0.34,0.45454545454545503,0.408925500276498
1,birth,0.666666666666667,0.08333333333333333,type_2_course_confidence,10,0.27-0.36-0.46-0.42-0.35-0.42-0.42-0.5-0.43-0.34,0.45454545454545503,0.408925500276498
1,birth,0.666666666666667,0.5833333333333334,type_3_course_confidence_pretest,10,0.27-0.36-0.46-0.42-0.35-0.42-0.42-0.5-0.43-0.34,0.45454545454545503,0.408925500276498
1,birth,0.666666666666667,0.75,type_1_total_only_course,10,0.27-0.36-0.46-0.42-0.35-0.42-0.42-0.5-0.43-0.34,0.45454545454545503,0.408925500276498
1,birth,0.666666666666667,0.75,type_2_total_course_confidence,10,0.27-0.36-0.46-0.42-0.35-0.42-0.42-0.5-0.43-0.34,0.45454545454545503,0.408925500276498
1,birth,0.666666666666667,0.75,type_3_total_course_confidence_pretest,10,0.27-0.36-0.46-0.42-0.35-0.42-0.42-0.5-0.43-0.34,0.45454545454545503,0.408925500276498
1,birth,0.666666666666667,0.4166666666666667,type_2_ind_course_confidence,10,0.27-0.36-0.46-0.42-0.35-0.42-0.42-0.5-0.43-0.34,0.45454545454545503,0.408925500276498
1,birth,0.666666666666667,0.3333333333333333,type_3_ind_course_confidence_pretest,10,0.27-0.36-0.46-0.42-0.35-0.42-0.42-0.5-0.43-0.34,0.45454545454545503,0.408925500276498
1,birth,0.666666666666667,0.5,type_4_ind_course_confidence_pretest_isc,10,0.27-0.36-0.46-0.42-0.35-0.42-0.42-0.5-0.43-0.34,0.45454545454545503,0.408925500276498
1,birth,0.916666666666667,0.916666666666667,label,11,0.37-0.59-0.78-0.83-0.78-0.67-0.68-0.78-0.72-0.75,0.545454545454545,0.416634488824929
1,birth,0.916666666666667,0.0,type_1_only_course,11,0.37-0.59-0.78-0.83-0.78-0.67-0.68-0.78-0.72-0.75,0.545454545454545,0.416634488824929
1,birth,0.916666666666667,0.08333333333333333,type_2_course_confidence,11,0.37-0.59-0.78-0.83-0.78-0.67-0.68-0.78-0.72-0.75,0.545454545454545,0.416634488824929
1,birth,0.916666666666667,0.6666666666666666,type_3_course_confidence_pretest,11,0.37-0.59-0.78-0.83-0.78-0.67-0.68-0.78-0.72-0.75,0.545454545454545,0.416634488824929
1,birth,0.916666666666667,0.75,type_1_total_only_course,11,0.37-0.59-0.78-0.83-0.78-0.67-0.68-0.78-0.72-0.75,0.545454545454545,0.416634488824929
1,birth,0.916666666666667,0.75,type_2_total_course_confidence,11,0.37-0.59-0.78-0.83-0.78-0.67-0.68-0.78-0.72-0.75,0.545454545454545,0.416634488824929
1,birth,0.916666666666667,0.75,type_3_total_course_confidence_pretest,11,0.37-0.59-0.78-0.83-0.78-0.67-0.68-0.78-0.72-0.75,0.545454545454545,0.416634488824929
1,birth,0.916666666666667,0.8333333333333334,type_2_ind_course_confidence,11,0.37-0.59-0.78-0.83-0.78-0.67-0.68-0.78-0.72-0.75,0.545454545454545,0.416634488824929
1,birth,0.916666666666667,0.9166666666666666,type_3_ind_course_confidence_pretest,11,0.37-0.59-0.78-0.83-0.78-0.67-0.68-0.78-0.72-0.75,0.545454545454545,0.416634488824929
1,birth,0.916666666666667,0.6666666666666666,type_4_ind_course_confidence_pretest_isc,11,0.37-0.59-0.78-0.83-0.78-0.67-0.68-0.78-0.72-0.75,0.545454545454545,0.416634488824929
1,birth,0.833333333333333,0.833333333333333,label,12,0.38-0.49-0.71-0.72-0.73-0.65-0.7-0.81-0.65-0.61,0.36363636363636404,0.381206186017052
1,birth,0.833333333333333,0.3333333333333333,type_1_only_course,12,0.38-0.49-0.71-0.72-0.73-0.65-0.7-0.81-0.65-0.61,0.36363636363636404,0.381206186017052
1,birth,0.833333333333333,0.08333333333333333,type_2_course_confidence,12,0.38-0.49-0.71-0.72-0.73-0.65-0.7-0.81-0.65-0.61,0.36363636363636404,0.381206186017052
1,birth,0.833333333333333,0.4166666666666667,type_3_course_confidence_pretest,12,0.38-0.49-0.71-0.72-0.73-0.65-0.7-0.81-0.65-0.61,0.36363636363636404,0.381206186017052
1,birth,0.833333333333333,0.75,type_1_total_only_course,12,0.38-0.49-0.71-0.72-0.73-0.65-0.7-0.81-0.65-0.61,0.36363636363636404,0.381206186017052
1,birth,0.833333333333333,0.75,type_2_total_course_confidence,12,0.38-0.49-0.71-0.72-0.73-0.65-0.7-0.81-0.65-0.61,0.36363636363636404,0.381206186017052
1,birth,0.833333333333333,0.75,type_3_total_course_confidence_pretest,12,0.38-0.49-0.71-0.72-0.73-0.65-0.7-0.81-0.65-0.61,0.36363636363636404,0.381206186017052
1,birth,0.833333333333333,0.75,type_2_ind_course_confidence,12,0.38-0.49-0.71-0.72-0.73-0.65-0.7-0.81-0.65-0.61,0.36363636363636404,0.381206186017052
1,birth,0.833333333333333,0.5833333333333334,type_3_ind_course_confidence_pretest,12,0.38-0.49-0.71-0.72-0.73-0.65-0.7-0.81-0.65-0.61,0.36363636363636404,0.381206186017052
1,birth,0.833333333333333,0.4166666666666667,type_4_ind_course_confidence_pretest_isc,12,0.38-0.49-0.71-0.72-0.73-0.65-0.7-0.81-0.65-0.61,0.36363636363636404,0.381206186017052
1,birth,0.916666666666667,0.916666666666667,label,13,0.3-0.52-0.77-0.64-0.7-0.6-0.64-0.85-0.61-0.57,0.36363636363636404,0.450169860253725
1,birth,0.916666666666667,0.0,type_1_only_course,13,0.3-0.52-0.77-0.64-0.7-0.6-0.64-0.85-0.61-0.57,0.36363636363636404,0.450169860253725
1,birth,0.916666666666667,0.08333333333333333,type_2_course_confidence,13,0.3-0.52-0.77-0.64-0.7-0.6-0.64-0.85-0.61-0.57,0.36363636363636404,0.450169860253725
1,birth,0.916666666666667,0.4166666666666667,type_3_course_confidence_pretest,13,0.3-0.52-0.77-0.64-0.7-0.6-0.64-0.85-0.61-0.57,0.36363636363636404,0.450169860253725
1,birth,0.916666666666667,0.75,type_1_total_only_course,13,0.3-0.52-0.77-0.64-0.7-0.6-0.64-0.85-0.61-0.57,0.36363636363636404,0.450169860253725
1,birth,0.916666666666667,0.75,type_2_total_course_confidence,13,0.3-0.52-0.77-0.64-0.7-0.6-0.64-0.85-0.61-0.57,0.36363636363636404,0.450169860253725
1,birth,0.916666666666667,0.75,type_3_total_course_confidence_pretest,13,0.3-0.52-0.77-0.64-0.7-0.6-0.64-0.85-0.61-0.57,0.36363636363636404,0.450169860253725
1,birth,0.916666666666667,0.6666666666666666,type_2_ind_course_confidence,13,0.3-0.52-0.77-0.64-0.7-0.6-0.64-0.85-0.61-0.57,0.36363636363636404,0.450169860253725
1,birth,0.916666666666667,0.4166666666666667,type_3_ind_course_confidence_pretest,13,0.3-0.52-0.77-0.64-0.7-0.6-0.64-0.85-0.61-0.57,0.36363636363636404,0.450169860253725
1,birth,0.916666666666667,0.4166666666666667,type_4_ind_course_confidence_pretest_isc,13,0.3-0.52-0.77-0.64-0.7-0.6-0.64-0.85-0.61-0.57,0.36363636363636404,0.450169860253725
1,birth,1.0,1.0,label,14,0.2-0.55-0.63-0.62-0.64-0.53-0.61-0.62-0.53-0.65,0.36363636363636404,0.425749590957357
1,birth,1.0,0.0,type_1_only_course,14,0.2-0.55-0.63-0.62-0.64-0.53-0.61-0.62-0.53-0.65,0.36363636363636404,0.425749590957357
1,birth,1.0,0.5,type_2_course_confidence,14,0.2-0.55-0.63-0.62-0.64-0.53-0.61-0.62-0.53-0.65,0.36363636363636404,0.425749590957357
1,birth,1.0,0.4166666666666667,type_3_course_confidence_pretest,14,0.2-0.55-0.63-0.62-0.64-0.53-0.61-0.62-0.53-0.65,0.36363636363636404,0.425749590957357
1,birth,1.0,0.75,type_1_total_only_course,14,0.2-0.55-0.63-0.62-0.64-0.53-0.61-0.62-0.53-0.65,0.36363636363636404,0.425749590957357
1,birth,1.0,0.75,type_2_total_course_confidence,14,0.2-0.55-0.63-0.62-0.64-0.53-0.61-0.62-0.53-0.65,0.36363636363636404,0.425749590957357
1,birth,1.0,0.75,type_3_total_course_confidence_pretest,14,0.2-0.55-0.63-0.62-0.64-0.53-0.61-0.62-0.53-0.65,0.36363636363636404,0.425749590957357
1,birth,1.0,0.6666666666666666,type_2_ind_course_confidence,14,0.2-0.55-0.63-0.62-0.64-0.53-0.61-0.62-0.53-0.65,0.36363636363636404,0.425749590957357
1,birth,1.0,0.4166666666666667,type_3_ind_course_confidence_pretest,14,0.2-0.55-0.63-0.62-0.64-0.53-0.61-0.62-0.53-0.65,0.36363636363636404,0.425749590957357
1,birth,1.0,0.5,type_4_ind_course_confidence_pretest_isc,14,0.2-0.55-0.63-0.62-0.64-0.53-0.61-0.62-0.53-0.65,0.36363636363636404,0.425749590957357
1,birth,0.916666666666667,0.916666666666667,label,15,0.65-0.55-0.57-0.59-0.57-0.52-0.54-0.5-0.38-0.42,0.636363636363636,0.360206663595978
1,birth,0.916666666666667,0.0,type_1_only_course,15,0.65-0.55-0.57-0.59-0.57-0.52-0.54-0.5-0.38-0.42,0.636363636363636,0.360206663595978
1,birth,0.916666666666667,0.3333333333333333,type_2_course_confidence,15,0.65-0.55-0.57-0.59-0.57-0.52-0.54-0.5-0.38-0.42,0.636363636363636,0.360206663595978
1,birth,0.916666666666667,0.5833333333333334,type_3_course_confidence_pretest,15,0.65-0.55-0.57-0.59-0.57-0.52-0.54-0.5-0.38-0.42,0.636363636363636,0.360206663595978
1,birth,0.916666666666667,0.75,type_1_total_only_course,15,0.65-0.55-0.57-0.59-0.57-0.52-0.54-0.5-0.38-0.42,0.636363636363636,0.360206663595978
1,birth,0.916666666666667,0.75,type_2_total_course_confidence,15,0.65-0.55-0.57-0.59-0.57-0.52-0.54-0.5-0.38-0.42,0.636363636363636,0.360206663595978
1,birth,0.916666666666667,0.75,type_3_total_course_confidence_pretest,15,0.65-0.55-0.57-0.59-0.57-0.52-0.54-0.5-0.38-0.42,0.636363636363636,0.360206663595978
1,birth,0.916666666666667,0.75,type_2_ind_course_confidence,15,0.65-0.55-0.57-0.59-0.57-0.52-0.54-0.5-0.38-0.42,0.636363636363636,0.360206663595978
1,birth,0.916666666666667,0.6666666666666666,type_3_ind_course_confidence_pretest,15,0.65-0.55-0.57-0.59-0.57-0.52-0.54-0.5-0.38-0.42,0.636363636363636,0.360206663595978
1,birth,0.916666666666667,0.6666666666666666,type_4_ind_course_confidence_pretest_isc,15,0.65-0.55-0.57-0.59-0.57-0.52-0.54-0.5-0.38-0.42,0.636363636363636,0.360206663595978
1,birth,0.833333333333333,0.833333333333333,label,16,0.56-0.68-0.87-0.83-0.86-0.8-0.84-0.86-0.63-0.74,0.545454545454545,0.465128830131476
1,birth,0.833333333333333,0.0,type_1_only_course,16,0.56-0.68-0.87-0.83-0.86-0.8-0.84-0.86-0.63-0.74,0.545454545454545,0.465128830131476
1,birth,0.833333333333333,0.3333333333333333,type_2_course_confidence,16,0.56-0.68-0.87-0.83-0.86-0.8-0.84-0.86-0.63-0.74,0.545454545454545,0.465128830131476
1,birth,0.833333333333333,0.5833333333333334,type_3_course_confidence_pretest,16,0.56-0.68-0.87-0.83-0.86-0.8-0.84-0.86-0.63-0.74,0.545454545454545,0.465128830131476
1,birth,0.833333333333333,0.75,type_1_total_only_course,16,0.56-0.68-0.87-0.83-0.86-0.8-0.84-0.86-0.63-0.74,0.545454545454545,0.465128830131476
1,birth,0.833333333333333,0.75,type_2_total_course_confidence,16,0.56-0.68-0.87-0.83-0.86-0.8-0.84-0.86-0.63-0.74,0.545454545454545,0.465128830131476
1,birth,0.833333333333333,0.75,type_3_total_course_confidence_pretest,16,0.56-0.68-0.87-0.83-0.86-0.8-0.84-0.86-0.63-0.74,0.545454545454545,0.465128830131476
1,birth,0.833333333333333,0.9166666666666666,type_2_ind_course_confidence,16,0.56-0.68-0.87-0.83-0.86-0.8-0.84-0.86-0.63-0.74,0.545454545454545,0.465128830131476
1,birth,0.833333333333333,0.9166666666666666,type_3_ind_course_confidence_pretest,16,0.56-0.68-0.87-0.83-0.86-0.8-0.84-0.86-0.63-0.74,0.545454545454545,0.465128830131476
1,birth,0.833333333333333,0.75,type_4_ind_course_confidence_pretest_isc,16,0.56-0.68-0.87-0.83-0.86-0.8-0.84-0.86-0.63-0.74,0.545454545454545,0.465128830131476
1,birth,0.916666666666667,0.916666666666667,label,17,0.63-0.82-0.83-0.78-0.81-0.77-0.81-0.76-0.73-0.8,0.36363636363636404,0.421194126409902
1,birth,0.916666666666667,0.0,type_1_only_course,17,0.63-0.82-0.83-0.78-0.81-0.77-0.81-0.76-0.73-0.8,0.36363636363636404,0.421194126409902
1,birth,0.916666666666667,0.08333333333333333,type_2_course_confidence,17,0.63-0.82-0.83-0.78-0.81-0.77-0.81-0.76-0.73-0.8,0.36363636363636404,0.421194126409902
1,birth,0.916666666666667,0.4166666666666667,type_3_course_confidence_pretest,17,0.63-0.82-0.83-0.78-0.81-0.77-0.81-0.76-0.73-0.8,0.36363636363636404,0.421194126409902
1,birth,0.916666666666667,0.75,type_1_total_only_course,17,0.63-0.82-0.83-0.78-0.81-0.77-0.81-0.76-0.73-0.8,0.36363636363636404,0.421194126409902
1,birth,0.916666666666667,0.75,type_2_total_course_confidence,17,0.63-0.82-0.83-0.78-0.81-0.77-0.81-0.76-0.73-0.8,0.36363636363636404,0.421194126409902
1,birth,0.916666666666667,0.75,type_3_total_course_confidence_pretest,17,0.63-0.82-0.83-0.78-0.81-0.77-0.81-0.76-0.73-0.8,0.36363636363636404,0.421194126409902
1,birth,0.916666666666667,0.9166666666666666,type_2_ind_course_confidence,17,0.63-0.82-0.83-0.78-0.81-0.77-0.81-0.76-0.73-0.8,0.36363636363636404,0.421194126409902
1,birth,0.916666666666667,0.5833333333333334,type_3_ind_course_confidence_pretest,17,0.63-0.82-0.83-0.78-0.81-0.77-0.81-0.76-0.73-0.8,0.36363636363636404,0.421194126409902
1,birth,0.916666666666667,0.5,type_4_ind_course_confidence_pretest_isc,17,0.63-0.82-0.83-0.78-0.81-0.77-0.81-0.76-0.73-0.8,0.36363636363636404,0.421194126409902
1,birth,0.75,0.75,label,18,0.39-0.53-0.67-0.7-0.74-0.66-0.68-0.75-0.69-0.66,0.0909090909090909,0.460263267265019
1,birth,0.75,0.0,type_1_only_course,18,0.39-0.53-0.67-0.7-0.74-0.66-0.68-0.75-0.69-0.66,0.0909090909090909,0.460263267265019
1,birth,0.75,0.3333333333333333,type_2_course_confidence,18,0.39-0.53-0.67-0.7-0.74-0.66-0.68-0.75-0.69-0.66,0.0909090909090909,0.460263267265019
1,birth,0.75,0.4166666666666667,type_3_course_confidence_pretest,18,0.39-0.53-0.67-0.7-0.74-0.66-0.68-0.75-0.69-0.66,0.0909090909090909,0.460263267265019
1,birth,0.75,0.75,type_1_total_only_course,18,0.39-0.53-0.67-0.7-0.74-0.66-0.68-0.75-0.69-0.66,0.0909090909090909,0.460263267265019
1,birth,0.75,0.75,type_2_total_course_confidence,18,0.39-0.53-0.67-0.7-0.74-0.66-0.68-0.75-0.69-0.66,0.0909090909090909,0.460263267265019
1,birth,0.75,0.75,type_3_total_course_confidence_pretest,18,0.39-0.53-0.67-0.7-0.74-0.66-0.68-0.75-0.69-0.66,0.0909090909090909,0.460263267265019
1,birth,0.75,0.75,type_2_ind_course_confidence,18,0.39-0.53-0.67-0.7-0.74-0.66-0.68-0.75-0.69-0.66,0.0909090909090909,0.460263267265019
1,birth,0.75,0.4166666666666667,type_3_ind_course_confidence_pretest,18,0.39-0.53-0.67-0.7-0.74-0.66-0.68-0.75-0.69-0.66,0.0909090909090909,0.460263267265019
1,birth,0.75,0.3333333333333333,type_4_ind_course_confidence_pretest_isc,18,0.39-0.53-0.67-0.7-0.74-0.66-0.68-0.75-0.69-0.66,0.0909090909090909,0.460263267265019
1,birth,0.916666666666667,0.916666666666667,label,19,0.63-0.58-0.72-0.72-0.71-0.65-0.73-0.69-0.5-0.58,0.545454545454545,0.437522787801284
1,birth,0.916666666666667,0.0,type_1_only_course,19,0.63-0.58-0.72-0.72-0.71-0.65-0.73-0.69-0.5-0.58,0.545454545454545,0.437522787801284
1,birth,0.916666666666667,0.4166666666666667,type_2_course_confidence,19,0.63-0.58-0.72-0.72-0.71-0.65-0.73-0.69-0.5-0.58,0.545454545454545,0.437522787801284
1,birth,0.916666666666667,0.5833333333333334,type_3_course_confidence_pretest,19,0.63-0.58-0.72-0.72-0.71-0.65-0.73-0.69-0.5-0.58,0.545454545454545,0.437522787801284
1,birth,0.916666666666667,0.75,type_1_total_only_course,19,0.63-0.58-0.72-0.72-0.71-0.65-0.73-0.69-0.5-0.58,0.545454545454545,0.437522787801284
1,birth,0.916666666666667,0.75,type_2_total_course_confidence,19,0.63-0.58-0.72-0.72-0.71-0.65-0.73-0.69-0.5-0.58,0.545454545454545,0.437522787801284
1,birth,0.916666666666667,0.75,type_3_total_course_confidence_pretest,19,0.63-0.58-0.72-0.72-0.71-0.65-0.73-0.69-0.5-0.58,0.545454545454545,0.437522787801284
1,birth,0.916666666666667,0.8333333333333334,type_2_ind_course_confidence,19,0.63-0.58-0.72-0.72-0.71-0.65-0.73-0.69-0.5-0.58,0.545454545454545,0.437522787801284
1,birth,0.916666666666667,0.8333333333333334,type_3_ind_course_confidence_pretest,19,0.63-0.58-0.72-0.72-0.71-0.65-0.73-0.69-0.5-0.58,0.545454545454545,0.437522787801284
1,birth,0.916666666666667,0.6666666666666666,type_4_ind_course_confidence_pretest_isc,19,0.63-0.58-0.72-0.72-0.71-0.65-0.73-0.69-0.5-0.58,0.545454545454545,0.437522787801284
1,birth,0.75,0.75,label,20,0.92-0.85-0.78-0.7-0.61-0.54-0.48-0.44-0.42-0.58,0.45454545454545503,0.0915539693603835
1,birth,0.75,0.0,type_1_only_course,20,0.92-0.85-0.78-0.7-0.61-0.54-0.48-0.44-0.42-0.58,0.45454545454545503,0.0915539693603835
1,birth,0.75,0.4166666666666667,type_2_course_confidence,20,0.92-0.85-0.78-0.7-0.61-0.54-0.48-0.44-0.42-0.58,0.45454545454545503,0.0915539693603835
1,birth,0.75,0.5833333333333334,type_3_course_confidence_pretest,20,0.92-0.85-0.78-0.7-0.61-0.54-0.48-0.44-0.42-0.58,0.45454545454545503,0.0915539693603835
1,birth,0.75,0.75,type_1_total_only_course,20,0.92-0.85-0.78-0.7-0.61-0.54-0.48-0.44-0.42-0.58,0.45454545454545503,0.0915539693603835
1,birth,0.75,0.75,type_2_total_course_confidence,20,0.92-0.85-0.78-0.7-0.61-0.54-0.48-0.44-0.42-0.58,0.45454545454545503,0.0915539693603835
1,birth,0.75,0.75,type_3_total_course_confidence_pretest,20,0.92-0.85-0.78-0.7-0.61-0.54-0.48-0.44-0.42-0.58,0.45454545454545503,0.0915539693603835
1,birth,0.75,0.8333333333333334,type_2_ind_course_confidence,20,0.92-0.85-0.78-0.7-0.61-0.54-0.48-0.44-0.42-0.58,0.45454545454545503,0.0915539693603835
1,birth,0.75,0.6666666666666666,type_3_ind_course_confidence_pretest,20,0.92-0.85-0.78-0.7-0.61-0.54-0.48-0.44-0.42-0.58,0.45454545454545503,0.0915539693603835
1,birth,0.75,0.4166666666666667,type_4_ind_course_confidence_pretest_isc,20,0.92-0.85-0.78-0.7-0.61-0.54-0.48-0.44-0.42-0.58,0.45454545454545503,0.0915539693603835
1,birth,1.0,1.0,label,21,0.35-0.55-0.66-0.63-0.64-0.57-0.63-0.67-0.55-0.56,0.636363636363636,0.444894471860691
1,birth,1.0,0.0,type_1_only_course,21,0.35-0.55-0.66-0.63-0.64-0.57-0.63-0.67-0.55-0.56,0.636363636363636,0.444894471860691
1,birth,1.0,0.4166666666666667,type_2_course_confidence,21,0.35-0.55-0.66-0.63-0.64-0.57-0.63-0.67-0.55-0.56,0.636363636363636,0.444894471860691
1,birth,1.0,0.4166666666666667,type_3_course_confidence_pretest,21,0.35-0.55-0.66-0.63-0.64-0.57-0.63-0.67-0.55-0.56,0.636363636363636,0.444894471860691
1,birth,1.0,0.75,type_1_total_only_course,21,0.35-0.55-0.66-0.63-0.64-0.57-0.63-0.67-0.55-0.56,0.636363636363636,0.444894471860691
1,birth,1.0,0.75,type_2_total_course_confidence,21,0.35-0.55-0.66-0.63-0.64-0.57-0.63-0.67-0.55-0.56,0.636363636363636,0.444894471860691
1,birth,1.0,0.75,type_3_total_course_confidence_pretest,21,0.35-0.55-0.66-0.63-0.64-0.57-0.63-0.67-0.55-0.56,0.636363636363636,0.444894471860691
1,birth,1.0,0.8333333333333334,type_2_ind_course_confidence,21,0.35-0.55-0.66-0.63-0.64-0.57-0.63-0.67-0.55-0.56,0.636363636363636,0.444894471860691
1,birth,1.0,0.8333333333333334,type_3_ind_course_confidence_pretest,21,0.35-0.55-0.66-0.63-0.64-0.57-0.63-0.67-0.55-0.56,0.636363636363636,0.444894471860691
1,birth,1.0,0.8333333333333334,type_4_ind_course_confidence_pretest_isc,21,0.35-0.55-0.66-0.63-0.64-0.57-0.63-0.67-0.55-0.56,0.636363636363636,0.444894471860691
1,birth,0.75,0.75,label,22,0.28-0.36-0.44-0.39-0.34-0.35-0.36-0.31-0.24-0.25,0.545454545454545,0.353147261775918
1,birth,0.75,0.0,type_1_only_course,22,0.28-0.36-0.44-0.39-0.34-0.35-0.36-0.31-0.24-0.25,0.545454545454545,0.353147261775918
1,birth,0.75,0.25,type_2_course_confidence,22,0.28-0.36-0.44-0.39-0.34-0.35-0.36-0.31-0.24-0.25,0.545454545454545,0.353147261775918
1,birth,0.75,0.5,type_3_course_confidence_pretest,22,0.28-0.36-0.44-0.39-0.34-0.35-0.36-0.31-0.24-0.25,0.545454545454545,0.353147261775918
1,birth,0.75,0.75,type_1_total_only_course,22,0.28-0.36-0.44-0.39-0.34-0.35-0.36-0.31-0.24-0.25,0.545454545454545,0.353147261775918
1,birth,0.75,0.75,type_2_total_course_confidence,22,0.28-0.36-0.44-0.39-0.34-0.35-0.36-0.31-0.24-0.25,0.545454545454545,0.353147261775918
1,birth,0.75,0.75,type_3_total_course_confidence_pretest,22,0.28-0.36-0.44-0.39-0.34-0.35-0.36-0.31-0.24-0.25,0.545454545454545,0.353147261775918
1,birth,0.75,0.25,type_2_ind_course_confidence,22,0.28-0.36-0.44-0.39-0.34-0.35-0.36-0.31-0.24-0.25,0.545454545454545,0.353147261775918
1,birth,0.75,0.4166666666666667,type_3_ind_course_confidence_pretest,22,0.28-0.36-0.44-0.39-0.34-0.35-0.36-0.31-0.24-0.25,0.545454545454545,0.353147261775918
1,birth,0.75,0.4166666666666667,type_4_ind_course_confidence_pretest_isc,22,0.28-0.36-0.44-0.39-0.34-0.35-0.36-0.31-0.24-0.25,0.545454545454545,0.353147261775918
1,birth,0.416666666666667,0.416666666666667,label,23,0.05-0.09-0.11-0.09-0.13-0.13-0.1-0.15-0.07-0.1,0.45454545454545503,0.322122175164863
1,birth,0.416666666666667,0.0,type_1_only_course,23,0.05-0.09-0.11-0.09-0.13-0.13-0.1-0.15-0.07-0.1,0.45454545454545503,0.322122175164863
1,birth,0.416666666666667,0.3333333333333333,type_2_course_confidence,23,0.05-0.09-0.11-0.09-0.13-0.13-0.1-0.15-0.07-0.1,0.45454545454545503,0.322122175164863
1,birth,0.416666666666667,0.4166666666666667,type_3_course_confidence_pretest,23,0.05-0.09-0.11-0.09-0.13-0.13-0.1-0.15-0.07-0.1,0.45454545454545503,0.322122175164863
1,birth,0.416666666666667,0.75,type_1_total_only_course,23,0.05-0.09-0.11-0.09-0.13-0.13-0.1-0.15-0.07-0.1,0.45454545454545503,0.322122175164863
1,birth,0.416666666666667,0.75,type_2_total_course_confidence,23,0.05-0.09-0.11-0.09-0.13-0.13-0.1-0.15-0.07-0.1,0.45454545454545503,0.322122175164863
1,birth,0.416666666666667,0.75,type_3_total_course_confidence_pretest,23,0.05-0.09-0.11-0.09-0.13-0.13-0.1-0.15-0.07-0.1,0.45454545454545503,0.322122175164863
1,birth,0.416666666666667,0.4166666666666667,type_2_ind_course_confidence,23,0.05-0.09-0.11-0.09-0.13-0.13-0.1-0.15-0.07-0.1,0.45454545454545503,0.322122175164863
1,birth,0.416666666666667,0.3333333333333333,type_3_ind_course_confidence_pretest,23,0.05-0.09-0.11-0.09-0.13-0.13-0.1-0.15-0.07-0.1,0.45454545454545503,0.322122175164863
1,birth,0.416666666666667,0.3333333333333333,type_4_ind_course_confidence_pretest_isc,23,0.05-0.09-0.11-0.09-0.13-0.13-0.1-0.15-0.07-0.1,0.45454545454545503,0.322122175164863
1,birth,0.166666666666667,0.166666666666667,label,24,0.39-0.59-0.65-0.67-0.69-0.71-0.72-0.71-0.66-0.72,0.272727272727273,0.128878561592156
1,birth,0.166666666666667,0.0,type_1_only_course,24,0.39-0.59-0.65-0.67-0.69-0.71-0.72-0.71-0.66-0.72,0.272727272727273,0.128878561592156
1,birth,0.166666666666667,0.25,type_2_course_confidence,24,0.39-0.59-0.65-0.67-0.69-0.71-0.72-0.71-0.66-0.72,0.272727272727273,0.128878561592156
1,birth,0.166666666666667,0.4166666666666667,type_3_course_confidence_pretest,24,0.39-0.59-0.65-0.67-0.69-0.71-0.72-0.71-0.66-0.72,0.272727272727273,0.128878561592156
1,birth,0.166666666666667,0.75,type_1_total_only_course,24,0.39-0.59-0.65-0.67-0.69-0.71-0.72-0.71-0.66-0.72,0.272727272727273,0.128878561592156
1,birth,0.166666666666667,0.75,type_2_total_course_confidence,24,0.39-0.59-0.65-0.67-0.69-0.71-0.72-0.71-0.66-0.72,0.272727272727273,0.128878561592156
1,birth,0.166666666666667,0.65,type_3_total_course_confidence_pretest,24,0.39-0.59-0.65-0.67-0.69-0.71-0.72-0.71-0.66-0.72,0.272727272727273,0.128878561592156
1,birth,0.166666666666667,0.75,type_2_ind_course_confidence,24,0.39-0.59-0.65-0.67-0.69-0.71-0.72-0.71-0.66-0.72,0.272727272727273,0.128878561592156
1,birth,0.166666666666667,0.3333333333333333,type_3_ind_course_confidence_pretest,24,0.39-0.59-0.65-0.67-0.69-0.71-0.72-0.71-0.66-0.72,0.272727272727273,0.128878561592156
1,birth,0.166666666666667,0.3333333333333333,type_4_ind_course_confidence_pretest_isc,24,0.39-0.59-0.65-0.67-0.69-0.71-0.72-0.71-0.66-0.72,0.272727272727273,0.128878561592156
1,birth,0.583333333333333,0.583333333333333,label,25,0.83-0.82-0.79-0.69-0.74-0.66-0.74-0.75-0.61-0.71,0.272727272727273,0.29806920231087
1,birth,0.583333333333333,0.0,type_1_only_course,25,0.83-0.82-0.79-0.69-0.74-0.66-0.74-0.75-0.61-0.71,0.272727272727273,0.29806920231087
1,birth,0.583333333333333,0.08333333333333333,type_2_course_confidence,25,0.83-0.82-0.79-0.69-0.74-0.66-0.74-0.75-0.61-0.71,0.272727272727273,0.29806920231087
1,birth,0.583333333333333,0.4166666666666667,type_3_course_confidence_pretest,25,0.83-0.82-0.79-0.69-0.74-0.66-0.74-0.75-0.61-0.71,0.272727272727273,0.29806920231087
1,birth,0.583333333333333,0.75,type_1_total_only_course,25,0.83-0.82-0.79-0.69-0.74-0.66-0.74-0.75-0.61-0.71,0.272727272727273,0.29806920231087
1,birth,0.583333333333333,0.75,type_2_total_course_confidence,25,0.83-0.82-0.79-0.69-0.74-0.66-0.74-0.75-0.61-0.71,0.272727272727273,0.29806920231087
1,birth,0.583333333333333,0.75,type_3_total_course_confidence_pretest,25,0.83-0.82-0.79-0.69-0.74-0.66-0.74-0.75-0.61-0.71,0.272727272727273,0.29806920231087
1,birth,0.583333333333333,0.9166666666666666,type_2_ind_course_confidence,25,0.83-0.82-0.79-0.69-0.74-0.66-0.74-0.75-0.61-0.71,0.272727272727273,0.29806920231087
1,birth,0.583333333333333,0.4166666666666667,type_3_ind_course_confidence_pretest,25,0.83-0.82-0.79-0.69-0.74-0.66-0.74-0.75-0.61-0.71,0.272727272727273,0.29806920231087
1,birth,0.583333333333333,0.3333333333333333,type_4_ind_course_confidence_pretest_isc,25,0.83-0.82-0.79-0.69-0.74-0.66-0.74-0.75-0.61-0.71,0.272727272727273,0.29806920231087
1,birth,0.666666666666667,0.666666666666667,label,26,0.04-0.16-0.29-0.42-0.69-0.93-0.95-0.96-0.97-0.99,0.7272727272727271,0.0780213136143229
1,birth,0.666666666666667,0.0,type_1_only_course,26,0.04-0.16-0.29-0.42-0.69-0.93-0.95-0.96-0.97-0.99,0.7272727272727271,0.0780213136143229
1,birth,0.666666666666667,0.16666666666666666,type_2_course_confidence,26,0.04-0.16-0.29-0.42-0.69-0.93-0.95-0.96-0.97-0.99,0.7272727272727271,0.0780213136143229
1,birth,0.666666666666667,0.3333333333333333,type_3_course_confidence_pretest,26,0.04-0.16-0.29-0.42-0.69-0.93-0.95-0.96-0.97-0.99,0.7272727272727271,0.0780213136143229
1,birth,0.666666666666667,0.75,type_1_total_only_course,26,0.04-0.16-0.29-0.42-0.69-0.93-0.95-0.96-0.97-0.99,0.7272727272727271,0.0780213136143229
1,birth,0.666666666666667,0.85,type_2_total_course_confidence,26,0.04-0.16-0.29-0.42-0.69-0.93-0.95-0.96-0.97-0.99,0.7272727272727271,0.0780213136143229
1,birth,0.666666666666667,0.85,type_3_total_course_confidence_pretest,26,0.04-0.16-0.29-0.42-0.69-0.93-0.95-0.96-0.97-0.99,0.7272727272727271,0.0780213136143229
1,birth,0.666666666666667,0.5833333333333334,type_2_ind_course_confidence,26,0.04-0.16-0.29-0.42-0.69-0.93-0.95-0.96-0.97-0.99,0.7272727272727271,0.0780213136143229
1,birth,0.666666666666667,0.75,type_3_ind_course_confidence_pretest,26,0.04-0.16-0.29-0.42-0.69-0.93-0.95-0.96-0.97-0.99,0.7272727272727271,0.0780213136143229
1,birth,0.666666666666667,0.6666666666666666,type_4_ind_course_confidence_pretest_isc,26,0.04-0.16-0.29-0.42-0.69-0.93-0.95-0.96-0.97-0.99,0.7272727272727271,0.0780213136143229
